7
SwedishUp   0.000000 0.200000 0.000000 0.200000 0.142860 0.250000 0.250000 
SwedishVL   0.200000 0.000000 0.200000 0.000000 0.333330 0.428570 0.428570 
Swedish     0.000000 0.200000 0.000000 0.200000 0.125000 0.222220 0.222220 
Danish      0.200000 0.000000 0.200000 0.000000 0.333330 0.428570 0.428570 
Riksmal     0.142860 0.333330 0.125000 0.333330 0.000000 0.222220 0.222220 
Icelandic   0.250000 0.428570 0.222220 0.428570 0.222220 0.000000 0.000000 
Faroese     0.250000 0.428570 0.222220 0.428570 0.222220 0.000000 0.000000 
6
SwedishUp   0.000000 0.000000 0.400000 0.400000 0.400000 0.400000 
Swedish     0.000000 0.000000 0.400000 0.400000 0.400000 0.400000 
Danish      0.400000 0.400000 0.000000 0.000000 0.000000 0.000000 
Riksmal     0.400000 0.400000 0.000000 0.000000 0.000000 0.000000 
Icelandic   0.400000 0.400000 0.000000 0.000000 0.000000 0.000000 
Faroese     0.400000 0.400000 0.000000 0.000000 0.000000 0.000000 
7
SwedishUp   0.000000 0.142860 0.000000 0.285710 0.285710 0.285710 0.222220 
SwedishVL   0.142860 0.000000 0.142860 0.333330 0.333330 0.333330 0.375000 
Swedish     0.000000 0.142860 0.000000 0.285710 0.285710 0.285710 0.222220 
Danish      0.285710 0.333330 0.285710 0.000000 0.000000 0.000000 0.250000 
Riksmal     0.285710 0.333330 0.285710 0.000000 0.000000 0.000000 0.250000 
Icelandic   0.285710 0.333330 0.285710 0.000000 0.000000 0.000000 0.250000 
Faroese     0.222220 0.375000 0.222220 0.250000 0.250000 0.250000 0.000000 
7
SwedishUp   0.000000 0.000000 0.000000 0.125000 0.125000 0.000000 0.125000 
SwedishVL   0.000000 0.000000 0.000000 0.125000 0.125000 0.000000 0.125000 
Swedish     0.000000 0.000000 0.000000 0.125000 0.125000 0.000000 0.125000 
Danish      0.125000 0.125000 0.125000 0.000000 0.000000 0.125000 0.250000 
Riksmal     0.125000 0.125000 0.125000 0.000000 0.000000 0.125000 0.250000 
Icelandic   0.000000 0.000000 0.000000 0.125000 0.125000 0.000000 0.125000 
Faroese     0.125000 0.125000 0.125000 0.250000 0.250000 0.125000 0.000000 
6
SwedishUp   0.000000 0.500000 0.583335 0.583335 0.583335 0.166665 
Swedish     0.500000 0.000000 0.166670 0.166670 0.166670 0.500000 
Danish      0.583335 0.166670 0.000000 0.000000 0.333330 0.583335 
Riksmal     0.583335 0.166670 0.000000 0.000000 0.333330 0.583335 
Icelandic   0.583335 0.166670 0.333330 0.333330 0.000000 0.583335 
Faroese     0.166665 0.500000 0.583335 0.583335 0.583335 0.000000 
7
SwedishUp   0.000000 0.642855 0.500000 0.583335 0.500000 0.500000 0.500000 
SwedishVL   0.642855 0.000000 0.285710 1.000000 0.285710 1.000000 1.000000 
Swedish     0.500000 0.285710 0.000000 1.000000 0.000000 1.000000 1.000000 
Danish      0.583335 1.000000 1.000000 0.000000 1.000000 0.166670 0.166670 
Riksmal     0.500000 0.285710 0.000000 1.000000 0.000000 1.000000 1.000000 
Icelandic   0.500000 1.000000 1.000000 0.166670 1.000000 0.000000 0.000000 
Faroese     0.500000 1.000000 1.000000 0.166670 1.000000 0.000000 0.000000 
4
SwedishUp   0.000000 0.111110 0.000000 0.090910 
SwedishVL   0.111110 0.000000 0.111110 0.200000 
Swedish     0.000000 0.111110 0.000000 0.090910 
Riksmal     0.090910 0.200000 0.090910 0.000000 
7
SwedishUp   0.000000 0.000000 0.000000 0.000000 0.000000 0.300000 0.300000 
SwedishVL   0.000000 0.000000 0.000000 0.000000 0.000000 0.300000 0.300000 
Swedish     0.000000 0.000000 0.000000 0.000000 0.000000 0.300000 0.300000 
Danish      0.000000 0.000000 0.000000 0.000000 0.000000 0.300000 0.300000 
Riksmal     0.000000 0.000000 0.000000 0.000000 0.000000 0.300000 0.300000 
Icelandic   0.300000 0.300000 0.300000 0.300000 0.300000 0.000000 0.000000 
Faroese     0.300000 0.300000 0.300000 0.300000 0.300000 0.000000 0.000000 
7
SwedishUp   0.000000 0.562500 0.666667 1.000000 0.562500 0.562500 1.000000 
SwedishVL   0.562500 0.000000 0.562500 1.000000 0.250000 0.125000 1.000000 
Swedish     0.666667 0.562500 0.000000 0.583335 0.562500 0.562500 0.625000 
Danish      1.000000 1.000000 0.583335 0.000000 1.000000 1.000000 0.375000 
Riksmal     0.562500 0.250000 0.562500 1.000000 0.000000 0.250000 1.000000 
Icelandic   0.562500 0.125000 0.562500 1.000000 0.250000 0.000000 1.000000 
Faroese     1.000000 1.000000 0.625000 0.375000 1.000000 1.000000 0.000000 
7
SwedishUp   0.000000 0.000000 1.000000 0.000000 0.000000 0.000000 0.200000 
SwedishVL   0.000000 0.000000 1.000000 0.000000 0.000000 0.000000 0.200000 
Swedish     1.000000 1.000000 0.000000 1.000000 1.000000 1.000000 1.000000 
Danish      0.000000 0.000000 1.000000 0.000000 0.000000 0.000000 0.200000 
Riksmal     0.000000 0.000000 1.000000 0.000000 0.000000 0.000000 0.200000 
Icelandic   0.000000 0.000000 1.000000 0.000000 0.000000 0.000000 0.200000 
Faroese     0.200000 0.200000 1.000000 0.200000 0.200000 0.200000 0.000000 
7
SwedishUp   0.000000 0.200000 0.000000 0.222220 0.222220 0.222220 0.363640 
SwedishVL   0.200000 0.000000 0.200000 0.222220 0.222220 0.222220 0.363640 
Swedish     0.000000 0.200000 0.000000 0.222220 0.222220 0.222220 0.363640 
Danish      0.222220 0.222220 0.222220 0.000000 0.000000 0.000000 0.200000 
Riksmal     0.222220 0.222220 0.222220 0.000000 0.000000 0.000000 0.200000 
Icelandic   0.222220 0.222220 0.222220 0.000000 0.000000 0.000000 0.200000 
Faroese     0.363640 0.363640 0.363640 0.200000 0.200000 0.200000 0.000000 
7
SwedishUp   0.000000 0.000000 0.000000 0.222220 0.222220 0.090910 0.166670 
SwedishVL   0.000000 0.000000 0.000000 0.222220 0.222220 0.090910 0.166670 
Swedish     0.000000 0.000000 0.000000 0.222220 0.222220 0.090910 0.166670 
Danish      0.222220 0.222220 0.222220 0.000000 0.000000 0.300000 0.363640 
Riksmal     0.222220 0.222220 0.222220 0.000000 0.000000 0.300000 0.363640 
Icelandic   0.090910 0.090910 0.090910 0.300000 0.300000 0.000000 0.076920 
Faroese     0.166670 0.166670 0.166670 0.363640 0.363640 0.076920 0.000000 
7
SwedishUp   0.000000 0.142860 0.000000 0.000000 0.000000 0.125000 0.000000 
SwedishVL   0.142860 0.000000 0.142860 0.142860 0.142860 0.142860 0.142860 
Swedish     0.000000 0.142860 0.000000 0.000000 0.000000 0.125000 0.000000 
Danish      0.000000 0.142860 0.000000 0.000000 0.000000 0.125000 0.000000 
Riksmal     0.000000 0.142860 0.000000 0.000000 0.000000 0.125000 0.000000 
Icelandic   0.125000 0.142860 0.125000 0.125000 0.125000 0.000000 0.125000 
Faroese     0.000000 0.142860 0.000000 0.000000 0.000000 0.125000 0.000000 
7
SwedishUp   0.000000 0.000000 0.000000 0.000000 0.000000 0.142860 0.142860 
SwedishVL   0.000000 0.000000 0.000000 0.000000 0.000000 0.142860 0.142860 
Swedish     0.000000 0.000000 0.000000 0.000000 0.000000 0.142860 0.142860 
Danish      0.000000 0.000000 0.000000 0.000000 0.000000 0.142860 0.142860 
Riksmal     0.000000 0.000000 0.000000 0.000000 0.000000 0.142860 0.142860 
Icelandic   0.142860 0.142860 0.142860 0.142860 0.142860 0.000000 0.000000 
Faroese     0.142860 0.142860 0.142860 0.142860 0.142860 0.000000 0.000000 
7
SwedishUp   0.000000 0.142860 0.000000 0.000000 0.000000 0.000000 0.000000 
SwedishVL   0.142860 0.000000 0.142860 0.142860 0.142860 0.142860 0.142860 
Swedish     0.000000 0.142860 0.000000 0.000000 0.000000 0.000000 0.000000 
Danish      0.000000 0.142860 0.000000 0.000000 0.000000 0.000000 0.000000 
Riksmal     0.000000 0.142860 0.000000 0.000000 0.000000 0.000000 0.000000 
Icelandic   0.000000 0.142860 0.000000 0.000000 0.000000 0.000000 0.000000 
Faroese     0.000000 0.142860 0.000000 0.000000 0.000000 0.000000 0.000000 
5
Swedish     0.000000 0.000000 0.000000 0.000000 0.333330 
Danish      0.000000 0.000000 0.000000 0.000000 0.333330 
Riksmal     0.000000 0.000000 0.000000 0.000000 0.333330 
Icelandic   0.000000 0.000000 0.000000 0.000000 0.333330 
Faroese     0.333330 0.333330 0.333330 0.333330 0.000000 
7
SwedishUp   0.000000 0.142860 0.000000 0.250000 0.125000 0.222220 0.300000 
SwedishVL   0.142860 0.000000 0.142860 0.285710 0.142860 0.250000 0.333330 
Swedish     0.000000 0.142860 0.000000 0.250000 0.125000 0.222220 0.300000 
Danish      0.250000 0.285710 0.250000 0.000000 0.125000 0.222220 0.300000 
Riksmal     0.125000 0.142860 0.125000 0.125000 0.000000 0.111110 0.200000 
Icelandic   0.222220 0.250000 0.222220 0.222220 0.111110 0.000000 0.090910 
Faroese     0.300000 0.333330 0.300000 0.300000 0.200000 0.090910 0.000000 
7
SwedishUp   0.000000 0.000000 0.000000 0.000000 0.000000 0.142860 0.250000 
SwedishVL   0.000000 0.000000 0.000000 0.000000 0.000000 0.142860 0.250000 
Swedish     0.000000 0.000000 0.000000 0.000000 0.000000 0.142860 0.250000 
Danish      0.000000 0.000000 0.000000 0.000000 0.000000 0.142860 0.250000 
Riksmal     0.000000 0.000000 0.000000 0.000000 0.000000 0.142860 0.250000 
Icelandic   0.142860 0.142860 0.142860 0.142860 0.142860 0.000000 0.111110 
Faroese     0.250000 0.250000 0.250000 0.250000 0.250000 0.111110 0.000000 
4
Danish      0.000000 0.660715 0.716665 0.346150 
Riksmal     0.660715 0.000000 0.205555 0.596155 
Icelandic   0.716665 0.205555 0.000000 0.642855 
Faroese     0.346150 0.596155 0.642855 0.000000 
7
SwedishUp   0.000000 0.142860 0.000000 0.000000 0.000000 0.111110 0.200000 
SwedishVL   0.142860 0.000000 0.142860 0.142860 0.142860 0.250000 0.333330 
Swedish     0.000000 0.142860 0.000000 0.000000 0.000000 0.111110 0.200000 
Danish      0.000000 0.142860 0.000000 0.000000 0.000000 0.111110 0.200000 
Riksmal     0.000000 0.142860 0.000000 0.000000 0.000000 0.111110 0.200000 
Icelandic   0.111110 0.250000 0.111110 0.111110 0.111110 0.000000 0.090910 
Faroese     0.200000 0.333330 0.200000 0.200000 0.200000 0.090910 0.000000 
7
SwedishUp   0.000000 0.142860 0.000000 0.142860 0.000000 0.222220 0.300000 
SwedishVL   0.142860 0.000000 0.142860 0.000000 0.142860 0.375000 0.444440 
Swedish     0.000000 0.142860 0.000000 0.142860 0.000000 0.222220 0.300000 
Danish      0.142860 0.000000 0.142860 0.000000 0.142860 0.375000 0.444440 
Riksmal     0.000000 0.142860 0.000000 0.142860 0.000000 0.222220 0.300000 
Icelandic   0.222220 0.375000 0.222220 0.375000 0.222220 0.000000 0.272730 
Faroese     0.300000 0.444440 0.300000 0.444440 0.300000 0.272730 0.000000 
4
SwedishUp   0.000000 0.142860 0.142860 0.142860 
SwedishVL   0.142860 0.000000 0.125000 0.125000 
Danish      0.142860 0.125000 0.000000 0.000000 
Riksmal     0.142860 0.125000 0.000000 0.000000 
4
Swedish     0.000000 0.166670 0.166670 0.583335 
Danish      0.166670 0.000000 0.000000 0.500000 
Riksmal     0.166670 0.000000 0.000000 0.500000 
Faroese     0.583335 0.500000 0.500000 0.000000 
7
SwedishUp   0.000000 0.000000 0.000000 0.166670 0.166670 0.285710 0.142860 
SwedishVL   0.000000 0.000000 0.000000 0.166670 0.166670 0.285710 0.142860 
Swedish     0.000000 0.000000 0.000000 0.166670 0.166670 0.285710 0.142860 
Danish      0.166670 0.166670 0.166670 0.000000 0.000000 0.428570 0.285710 
Riksmal     0.166670 0.166670 0.166670 0.000000 0.000000 0.428570 0.285710 
Icelandic   0.285710 0.285710 0.285710 0.428570 0.428570 0.000000 0.125000 
Faroese     0.142860 0.142860 0.142860 0.285710 0.285710 0.125000 0.000000 
5
SwedishUp   0.000000 0.285710 0.000000 0.000000 0.000000 
SwedishVL   0.285710 0.000000 0.285710 0.285710 0.285710 
Swedish     0.000000 0.285710 0.000000 0.000000 0.000000 
Danish      0.000000 0.285710 0.000000 0.000000 0.000000 
Riksmal     0.000000 0.285710 0.000000 0.000000 0.000000 
7
SwedishUp   0.000000 0.200000 0.000000 0.166670 0.166670 0.166670 0.166670 
SwedishVL   0.200000 0.000000 0.200000 0.200000 0.400000 0.400000 0.400000 
Swedish     0.000000 0.200000 0.000000 0.166670 0.166670 0.166670 0.166670 
Danish      0.166670 0.200000 0.166670 0.000000 0.333330 0.333330 0.333330 
Riksmal     0.166670 0.400000 0.166670 0.333330 0.000000 0.000000 0.000000 
Icelandic   0.166670 0.400000 0.166670 0.333330 0.000000 0.000000 0.000000 
Faroese     0.166670 0.400000 0.166670 0.333330 0.000000 0.000000 0.000000 
5
SwedishUp   0.000000 0.000000 0.000000 1.000000 1.000000 
SwedishVL   0.000000 0.000000 0.000000 1.000000 1.000000 
Swedish     0.000000 0.000000 0.000000 1.000000 1.000000 
Danish      1.000000 1.000000 1.000000 0.000000 0.166670 
Riksmal     1.000000 1.000000 1.000000 0.166670 0.000000 
7
SwedishUp   0.000000 0.666665 0.500000 0.625000 0.535715 0.559525 0.579545 
SwedishVL   0.666665 0.000000 1.000000 1.000000 0.375000 0.375000 0.411760 
Swedish     0.500000 1.000000 0.000000 0.250000 1.000000 1.000000 1.000000 
Danish      0.625000 1.000000 0.250000 0.000000 1.000000 1.000000 1.000000 
Riksmal     0.535715 0.375000 1.000000 1.000000 0.000000 0.090910 0.130430 
Icelandic   0.559525 0.375000 1.000000 1.000000 0.090910 0.000000 0.043480 
Faroese     0.579545 0.411760 1.000000 1.000000 0.130430 0.043480 0.000000 
7
SwedishUp   0.000000 0.142860 0.142860 0.062500 0.000000 0.250000 0.250000 
SwedishVL   0.142860 0.000000 0.000000 0.142860 0.142860 0.285710 0.285710 
Swedish     0.142860 0.000000 0.000000 0.142860 0.142860 0.285710 0.285710 
Danish      0.062500 0.142860 0.142860 0.000000 0.062500 0.312500 0.312500 
Riksmal     0.000000 0.142860 0.142860 0.062500 0.000000 0.250000 0.250000 
Icelandic   0.250000 0.285710 0.285710 0.312500 0.250000 0.000000 0.125000 
Faroese     0.250000 0.285710 0.285710 0.312500 0.250000 0.125000 0.000000 
7
SwedishUp   0.000000 0.000000 0.000000 0.000000 0.000000 0.200000 0.100000 
SwedishVL   0.000000 0.000000 0.250000 0.250000 0.000000 0.250000 0.250000 
Swedish     0.000000 0.250000 0.000000 0.000000 0.250000 0.200000 0.100000 
Danish      0.000000 0.250000 0.000000 0.000000 0.250000 0.200000 0.100000 
Riksmal     0.000000 0.000000 0.250000 0.250000 0.000000 0.250000 0.250000 
Icelandic   0.200000 0.250000 0.200000 0.200000 0.250000 0.000000 0.100000 
Faroese     0.100000 0.250000 0.100000 0.100000 0.250000 0.100000 0.000000 
7
SwedishUp   0.000000 0.200000 0.000000 0.200000 0.090910 0.250000 0.166670 
SwedishVL   0.200000 0.000000 0.200000 0.000000 0.111110 0.300000 0.300000 
Swedish     0.000000 0.200000 0.000000 0.200000 0.090910 0.250000 0.166670 
Danish      0.200000 0.000000 0.200000 0.000000 0.111110 0.300000 0.300000 
Riksmal     0.090910 0.111110 0.090910 0.111110 0.000000 0.272730 0.272730 
Icelandic   0.250000 0.300000 0.250000 0.300000 0.272730 0.000000 0.083330 
Faroese     0.166670 0.300000 0.166670 0.300000 0.272730 0.083330 0.000000 
7
SwedishUp   0.000000 0.000000 0.000000 0.200000 0.000000 0.333330 0.333330 
SwedishVL   0.000000 0.000000 0.000000 0.200000 0.000000 0.333330 0.333330 
Swedish     0.000000 0.000000 0.000000 0.200000 0.000000 0.333330 0.333330 
Danish      0.200000 0.200000 0.200000 0.000000 0.200000 0.285710 0.285710 
Riksmal     0.000000 0.000000 0.000000 0.200000 0.000000 0.333330 0.333330 
Icelandic   0.333330 0.333330 0.333330 0.285710 0.333330 0.000000 0.000000 
Faroese     0.333330 0.333330 0.333330 0.285710 0.333330 0.000000 0.000000 
6
SwedishUp   0.000000 0.400000 0.333330 0.166670 0.142860 0.250000 
SwedishVL   0.400000 0.000000 0.625000 0.400000 0.500000 0.571430 
Swedish     0.333330 0.625000 0.000000 0.444440 0.300000 0.272730 
Danish      0.166670 0.400000 0.444440 0.000000 0.285710 0.375000 
Icelandic   0.142860 0.500000 0.300000 0.285710 0.000000 0.111110 
Faroese     0.250000 0.571430 0.272730 0.375000 0.111110 0.000000 
7
SwedishUp   0.000000 0.000000 0.000000 0.000000 0.000000 0.111110 0.200000 
SwedishVL   0.000000 0.000000 0.000000 0.000000 0.000000 0.111110 0.200000 
Swedish     0.000000 0.000000 0.000000 0.000000 0.000000 0.111110 0.200000 
Danish      0.000000 0.000000 0.000000 0.000000 0.000000 0.111110 0.200000 
Riksmal     0.000000 0.000000 0.000000 0.000000 0.000000 0.111110 0.200000 
Icelandic   0.111110 0.111110 0.111110 0.111110 0.111110 0.000000 0.090910 
Faroese     0.200000 0.200000 0.200000 0.200000 0.200000 0.090910 0.000000 
7
SwedishUp   0.000000 0.166670 0.000000 0.000000 0.000000 0.285710 0.285710 
SwedishVL   0.166670 0.000000 0.166670 0.166670 0.166670 0.285710 0.285710 
Swedish     0.000000 0.166670 0.000000 0.000000 0.000000 0.285710 0.285710 
Danish      0.000000 0.166670 0.000000 0.000000 0.000000 0.285710 0.285710 
Riksmal     0.000000 0.166670 0.000000 0.000000 0.000000 0.285710 0.285710 
Icelandic   0.285710 0.285710 0.285710 0.285710 0.285710 0.000000 0.000000 
Faroese     0.285710 0.285710 0.285710 0.285710 0.285710 0.000000 0.000000 
7
SwedishUp   0.000000 0.090910 0.000000 0.166670 0.166670 0.200000 0.090910 
SwedishVL   0.090910 0.000000 0.090910 0.181820 0.181820 0.111110 0.000000 
Swedish     0.000000 0.090910 0.000000 0.166670 0.166670 0.200000 0.090910 
Danish      0.166670 0.181820 0.166670 0.000000 0.000000 0.200000 0.181820 
Riksmal     0.166670 0.181820 0.166670 0.000000 0.000000 0.200000 0.181820 
Icelandic   0.200000 0.111110 0.200000 0.200000 0.200000 0.000000 0.111110 
Faroese     0.090910 0.000000 0.090910 0.181820 0.181820 0.111110 0.000000 
6
SwedishUp   0.000000 0.090910 0.454550 0.400000 0.181820 0.200000 
Swedish     0.090910 0.000000 0.400000 0.333330 0.100000 0.111110 
Danish      0.454550 0.400000 0.000000 0.222220 0.400000 0.444440 
Riksmal     0.400000 0.333330 0.222220 0.000000 0.333330 0.250000 
Icelandic   0.181820 0.100000 0.400000 0.333330 0.000000 0.111110 
Faroese     0.200000 0.111110 0.444440 0.250000 0.111110 0.000000 
6
SwedishUp   0.000000 0.000000 0.000000 0.083330 0.142860 0.250000 
SwedishVL   0.000000 0.000000 0.000000 0.083330 0.142860 0.250000 
Swedish     0.000000 0.000000 0.000000 0.083330 0.142860 0.250000 
Danish      0.083330 0.083330 0.083330 0.000000 0.214290 0.312500 
Icelandic   0.142860 0.142860 0.142860 0.214290 0.000000 0.111110 
Faroese     0.250000 0.250000 0.250000 0.312500 0.111110 0.000000 
7
SwedishUp   0.000000 0.000000 0.000000 0.187500 0.187500 0.400000 0.000000 
SwedishVL   0.000000 0.000000 0.000000 0.187500 0.187500 0.400000 0.000000 
Swedish     0.000000 0.000000 0.000000 0.187500 0.187500 0.400000 0.000000 
Danish      0.187500 0.187500 0.187500 0.000000 0.000000 0.400000 0.187500 
Riksmal     0.187500 0.187500 0.187500 0.000000 0.000000 0.400000 0.187500 
Icelandic   0.400000 0.400000 0.400000 0.400000 0.400000 0.000000 0.400000 
Faroese     0.000000 0.000000 0.000000 0.187500 0.187500 0.400000 0.000000 
4
SwedishUp   0.000000 0.000000 0.000000 0.100000 
SwedishVL   0.000000 0.000000 0.000000 0.100000 
Swedish     0.000000 0.000000 0.000000 0.100000 
Danish      0.100000 0.100000 0.100000 0.000000 
7
SwedishUp   0.000000 0.200000 0.000000 0.000000 0.000000 0.285710 0.250000 
SwedishVL   0.200000 0.000000 0.200000 0.200000 0.200000 0.333330 0.428570 
Swedish     0.000000 0.200000 0.000000 0.000000 0.000000 0.285710 0.250000 
Danish      0.000000 0.200000 0.000000 0.000000 0.000000 0.285710 0.250000 
Riksmal     0.000000 0.200000 0.000000 0.000000 0.000000 0.285710 0.250000 
Icelandic   0.285710 0.333330 0.285710 0.285710 0.285710 0.000000 0.222220 
Faroese     0.250000 0.428570 0.250000 0.250000 0.250000 0.222220 0.000000 
7
SwedishUp   0.000000 0.384620 0.000000 0.111110 0.222220 0.000000 0.111110 
SwedishVL   0.384620 0.000000 0.384620 0.357140 0.357140 0.384620 0.285710 
Swedish     0.000000 0.384620 0.000000 0.111110 0.222220 0.000000 0.111110 
Danish      0.111110 0.357140 0.111110 0.000000 0.200000 0.111110 0.100000 
Riksmal     0.222220 0.357140 0.222220 0.200000 0.000000 0.222220 0.100000 
Icelandic   0.000000 0.384620 0.000000 0.111110 0.222220 0.000000 0.111110 
Faroese     0.111110 0.285710 0.111110 0.100000 0.100000 0.111110 0.000000 
7
SwedishUp   0.000000 0.000000 0.000000 0.000000 0.111110 0.300000 0.200000 
SwedishVL   0.000000 0.000000 0.000000 0.000000 0.111110 0.300000 0.200000 
Swedish     0.000000 0.000000 0.000000 0.000000 0.111110 0.300000 0.200000 
Danish      0.000000 0.000000 0.000000 0.000000 0.111110 0.300000 0.200000 
Riksmal     0.111110 0.111110 0.111110 0.111110 0.000000 0.181820 0.181820 
Icelandic   0.300000 0.300000 0.300000 0.300000 0.181820 0.000000 0.333330 
Faroese     0.200000 0.200000 0.200000 0.200000 0.181820 0.333330 0.000000 
7
SwedishUp   0.000000 0.181820 0.200000 0.200000 0.083330 0.076920 0.000000 
SwedishVL   0.181820 0.000000 0.222220 0.222220 0.272730 0.250000 0.181820 
Swedish     0.200000 0.222220 0.000000 0.000000 0.200000 0.272730 0.200000 
Danish      0.200000 0.222220 0.000000 0.000000 0.200000 0.272730 0.200000 
Riksmal     0.083330 0.272730 0.200000 0.200000 0.000000 0.153850 0.083330 
Icelandic   0.076920 0.250000 0.272730 0.272730 0.153850 0.000000 0.076920 
Faroese     0.000000 0.181820 0.200000 0.200000 0.083330 0.076920 0.000000 
7
SwedishUp   0.000000 0.000000 0.000000 0.142860 0.000000 0.000000 0.000000 
SwedishVL   0.000000 0.000000 0.000000 0.142860 0.000000 0.000000 0.000000 
Swedish     0.000000 0.000000 0.000000 0.142860 0.000000 0.000000 0.000000 
Danish      0.142860 0.142860 0.142860 0.000000 0.142860 0.142860 0.142860 
Riksmal     0.000000 0.000000 0.000000 0.142860 0.000000 0.000000 0.000000 
Icelandic   0.000000 0.000000 0.000000 0.142860 0.000000 0.000000 0.000000 
Faroese     0.000000 0.000000 0.000000 0.142860 0.000000 0.000000 0.000000 
7
SwedishUp   0.000000 0.142860 0.000000 0.111110 0.000000 0.125000 0.125000 
SwedishVL   0.142860 0.000000 0.142860 0.250000 0.142860 0.285710 0.285710 
Swedish     0.000000 0.142860 0.000000 0.111110 0.000000 0.125000 0.125000 
Danish      0.111110 0.250000 0.111110 0.000000 0.111110 0.222220 0.222220 
Riksmal     0.000000 0.142860 0.000000 0.111110 0.000000 0.125000 0.125000 
Icelandic   0.125000 0.285710 0.125000 0.222220 0.125000 0.000000 0.000000 
Faroese     0.125000 0.285710 0.125000 0.222220 0.125000 0.000000 0.000000 
7
SwedishUp   0.000000 0.000000 0.000000 0.000000 0.000000 0.142860 0.142860 
SwedishVL   0.000000 0.000000 0.000000 0.000000 0.000000 0.142860 0.142860 
Swedish     0.000000 0.000000 0.000000 0.000000 0.000000 0.142860 0.142860 
Danish      0.000000 0.000000 0.000000 0.000000 0.000000 0.142860 0.142860 
Riksmal     0.000000 0.000000 0.000000 0.000000 0.000000 0.142860 0.142860 
Icelandic   0.142860 0.142860 0.142860 0.142860 0.142860 0.000000 0.000000 
Faroese     0.142860 0.142860 0.142860 0.142860 0.142860 0.000000 0.000000 
7
SwedishUp   0.000000 0.222220 0.000000 0.200000 0.444440 0.250000 0.222220 
SwedishVL   0.222220 0.000000 0.222220 0.333330 0.375000 0.388890 0.250000 
Swedish     0.000000 0.222220 0.000000 0.200000 0.444440 0.250000 0.222220 
Danish      0.200000 0.333330 0.200000 0.000000 0.222220 0.250000 0.111110 
Riksmal     0.444440 0.375000 0.444440 0.222220 0.000000 0.333330 0.250000 
Icelandic   0.250000 0.388890 0.250000 0.250000 0.333330 0.000000 0.277780 
Faroese     0.222220 0.250000 0.222220 0.111110 0.250000 0.277780 0.000000 
7
SwedishUp   0.000000 0.200000 0.000000 0.166670 0.166670 0.000000 0.000000 
SwedishVL   0.200000 0.000000 0.200000 0.400000 0.400000 0.200000 0.200000 
Swedish     0.000000 0.200000 0.000000 0.166670 0.166670 0.000000 0.000000 
Danish      0.166670 0.400000 0.166670 0.000000 0.000000 0.166670 0.166670 
Riksmal     0.166670 0.400000 0.166670 0.000000 0.000000 0.166670 0.166670 
Icelandic   0.000000 0.200000 0.000000 0.166670 0.166670 0.000000 0.000000 
Faroese     0.000000 0.200000 0.000000 0.166670 0.166670 0.000000 0.000000 
6
SwedishUp   0.000000 0.125000 1.000000 0.000000 0.000000 0.200000 
SwedishVL   0.125000 0.000000 1.000000 0.125000 0.125000 0.300000 
Swedish     1.000000 1.000000 0.000000 1.000000 1.000000 1.000000 
Danish      0.000000 0.125000 1.000000 0.000000 0.000000 0.200000 
Riksmal     0.000000 0.125000 1.000000 0.000000 0.000000 0.200000 
Icelandic   0.200000 0.300000 1.000000 0.200000 0.200000 0.000000 
7
SwedishUp   0.000000 0.000000 0.000000 0.166670 0.166670 0.166670 0.166670 
SwedishVL   0.000000 0.000000 0.000000 0.166670 0.166670 0.166670 0.166670 
Swedish     0.000000 0.000000 0.000000 0.166670 0.166670 0.166670 0.166670 
Danish      0.166670 0.166670 0.166670 0.000000 0.000000 0.000000 0.000000 
Riksmal     0.166670 0.166670 0.166670 0.000000 0.000000 0.000000 0.000000 
Icelandic   0.166670 0.166670 0.166670 0.000000 0.000000 0.000000 0.000000 
Faroese     0.166670 0.166670 0.166670 0.000000 0.000000 0.000000 0.000000 
7
SwedishUp   0.000000 0.285710 0.250000 0.583330 0.583330 0.444440 0.400000 
SwedishVL   0.285710 0.000000 0.333330 0.461540 0.461540 0.400000 0.545450 
Swedish     0.250000 0.333330 0.000000 0.500000 0.500000 0.272730 0.333330 
Danish      0.583330 0.461540 0.500000 0.000000 0.055560 0.437500 0.500000 
Riksmal     0.583330 0.461540 0.500000 0.055560 0.000000 0.375000 0.437500 
Icelandic   0.444440 0.400000 0.272730 0.437500 0.375000 0.000000 0.230770 
Faroese     0.400000 0.545450 0.333330 0.500000 0.437500 0.230770 0.000000 
7
SwedishUp   0.000000 0.500000 0.000000 0.166670 0.166670 0.400000 0.400000 
SwedishVL   0.500000 0.000000 0.500000 0.583335 0.583335 0.700000 0.700000 
Swedish     0.000000 0.500000 0.000000 0.166670 0.166670 0.400000 0.400000 
Danish      0.166670 0.583335 0.166670 0.000000 0.000000 0.200000 0.200000 
Riksmal     0.166670 0.583335 0.166670 0.000000 0.000000 0.200000 0.200000 
Icelandic   0.400000 0.700000 0.400000 0.200000 0.200000 0.000000 0.000000 
Faroese     0.400000 0.700000 0.400000 0.200000 0.200000 0.000000 0.000000 
7
SwedishUp   0.000000 0.000000 0.000000 0.000000 0.000000 0.000000 0.333330 
SwedishVL   0.000000 0.000000 0.000000 0.000000 0.000000 0.000000 0.333330 
Swedish     0.000000 0.000000 0.000000 0.000000 0.000000 0.000000 0.333330 
Danish      0.000000 0.000000 0.000000 0.000000 0.000000 0.000000 0.333330 
Riksmal     0.000000 0.000000 0.000000 0.000000 0.000000 0.000000 0.333330 
Icelandic   0.000000 0.000000 0.000000 0.000000 0.000000 0.000000 0.333330 
Faroese     0.333330 0.333330 0.333330 0.333330 0.333330 0.333330 0.000000 
5
SwedishUp   0.000000 0.000000 0.000000 1.000000 0.250000 
SwedishVL   0.000000 0.000000 0.000000 1.000000 0.250000 
Swedish     0.000000 0.000000 0.000000 1.000000 0.250000 
Icelandic   1.000000 1.000000 1.000000 0.000000 1.000000 
Faroese     0.250000 0.250000 0.250000 1.000000 0.000000 
7
SwedishUp   0.000000 0.000000 0.000000 0.000000 0.000000 0.000000 0.000000 
SwedishVL   0.000000 0.000000 0.000000 0.000000 0.000000 0.000000 0.000000 
Swedish     0.000000 0.000000 0.000000 0.000000 0.000000 0.000000 0.000000 
Danish      0.000000 0.000000 0.000000 0.000000 0.000000 0.000000 0.000000 
Riksmal     0.000000 0.000000 0.000000 0.000000 0.000000 0.000000 0.000000 
Icelandic   0.000000 0.000000 0.000000 0.000000 0.000000 0.000000 0.000000 
Faroese     0.000000 0.000000 0.000000 0.000000 0.000000 0.000000 0.000000 
4
SwedishUp   0.000000 0.200000 0.000000 0.200000 
SwedishVL   0.200000 0.000000 0.200000 0.000000 
Swedish     0.000000 0.200000 0.000000 0.200000 
Danish      0.200000 0.000000 0.200000 0.000000 
7
SwedishUp   0.000000 0.571430 0.500000 1.000000 0.000000 1.000000 0.000000 
SwedishVL   0.571430 0.000000 0.238095 0.666665 0.571430 0.625000 0.571430 
Swedish     0.500000 0.238095 0.000000 0.500000 0.500000 0.795455 0.500000 
Danish      1.000000 0.666665 0.500000 0.000000 1.000000 0.590910 1.000000 
Riksmal     0.000000 0.571430 0.500000 1.000000 0.000000 1.000000 0.000000 
Icelandic   1.000000 0.625000 0.795455 0.590910 1.000000 0.000000 1.000000 
Faroese     0.000000 0.571430 0.500000 1.000000 0.000000 1.000000 0.000000 
7
SwedishUp   0.000000 0.071430 0.000000 0.214290 0.214290 0.214290 0.214290 
SwedishVL   0.071430 0.000000 0.071430 0.214290 0.214290 0.142860 0.142860 
Swedish     0.000000 0.071430 0.000000 0.214290 0.214290 0.214290 0.214290 
Danish      0.214290 0.214290 0.214290 0.000000 0.000000 0.142860 0.142860 
Riksmal     0.214290 0.214290 0.214290 0.000000 0.000000 0.142860 0.142860 
Icelandic   0.214290 0.142860 0.214290 0.142860 0.142860 0.000000 0.000000 
Faroese     0.214290 0.142860 0.214290 0.142860 0.142860 0.000000 0.000000 
6
SwedishUp   0.000000 0.000000 0.000000 0.000000 0.000000 0.571430 
SwedishVL   0.000000 0.000000 0.000000 0.000000 0.000000 0.571430 
Swedish     0.000000 0.000000 0.000000 0.000000 0.000000 0.571430 
Danish      0.000000 0.000000 0.000000 0.000000 0.000000 0.571430 
Riksmal     0.000000 0.000000 0.000000 0.000000 0.000000 0.571430 
Faroese     0.571430 0.571430 0.571430 0.571430 0.571430 0.000000 
7
SwedishUp   0.000000 0.100000 0.000000 0.000000 0.000000 0.277780 0.200000 
SwedishVL   0.100000 0.000000 0.100000 0.100000 0.100000 0.277780 0.200000 
Swedish     0.000000 0.100000 0.000000 0.000000 0.000000 0.277780 0.200000 
Danish      0.000000 0.100000 0.000000 0.000000 0.000000 0.277780 0.200000 
Riksmal     0.000000 0.100000 0.000000 0.000000 0.000000 0.277780 0.200000 
Icelandic   0.277780 0.277780 0.277780 0.277780 0.277780 0.000000 0.166670 
Faroese     0.200000 0.200000 0.200000 0.200000 0.200000 0.166670 0.000000 
7
SwedishUp   0.000000 0.125000 0.000000 0.000000 0.000000 0.111110 0.200000 
SwedishVL   0.125000 0.000000 0.125000 0.125000 0.125000 0.222220 0.300000 
Swedish     0.000000 0.125000 0.000000 0.000000 0.000000 0.111110 0.200000 
Danish      0.000000 0.125000 0.000000 0.000000 0.000000 0.111110 0.200000 
Riksmal     0.000000 0.125000 0.000000 0.000000 0.000000 0.111110 0.200000 
Icelandic   0.111110 0.222220 0.111110 0.111110 0.111110 0.000000 0.090910 
Faroese     0.200000 0.300000 0.200000 0.200000 0.200000 0.090910 0.000000 
7
SwedishUp   0.000000 0.000000 0.000000 0.000000 0.000000 0.000000 0.000000 
SwedishVL   0.000000 0.000000 0.000000 0.000000 0.000000 0.000000 0.000000 
Swedish     0.000000 0.000000 0.000000 0.000000 0.000000 0.000000 0.000000 
Danish      0.000000 0.000000 0.000000 0.000000 0.000000 0.000000 0.000000 
Riksmal     0.000000 0.000000 0.000000 0.000000 0.000000 0.000000 0.000000 
Icelandic   0.000000 0.000000 0.000000 0.000000 0.000000 0.000000 0.000000 
Faroese     0.000000 0.000000 0.000000 0.000000 0.000000 0.000000 0.000000 
7
SwedishUp   0.000000 0.071430 0.000000 0.571430 0.571430 0.500000 0.722220 
SwedishVL   0.071430 0.000000 0.071430 0.571430 0.571430 0.571430 0.687500 
Swedish     0.000000 0.071430 0.000000 0.571430 0.571430 0.500000 0.722220 
Danish      0.571430 0.571430 0.571430 0.000000 0.125000 1.000000 1.000000 
Riksmal     0.571430 0.571430 0.571430 0.125000 0.000000 1.000000 1.000000 
Icelandic   0.500000 0.571430 0.500000 1.000000 1.000000 0.000000 0.111110 
Faroese     0.722220 0.687500 0.722220 1.000000 1.000000 0.111110 0.000000 
6
SwedishUp   0.000000 0.111110 0.000000 0.100000 0.100000 0.181820 
SwedishVL   0.111110 0.000000 0.111110 0.111110 0.111110 0.200000 
Swedish     0.000000 0.111110 0.000000 0.100000 0.100000 0.181820 
Danish      0.100000 0.111110 0.100000 0.000000 0.000000 0.181820 
Riksmal     0.100000 0.111110 0.100000 0.000000 0.000000 0.181820 
Faroese     0.181820 0.200000 0.181820 0.181820 0.181820 0.000000 
4
SwedishUp   0.000000 0.000000 0.214290 0.111110 
Swedish     0.000000 0.000000 0.214290 0.111110 
Danish      0.214290 0.214290 0.000000 0.312500 
Riksmal     0.111110 0.111110 0.312500 0.000000 
7
SwedishUp   0.000000 0.500000 0.500000 0.500000 0.500000 0.625000 0.550000 
SwedishVL   0.500000 0.000000 1.000000 1.000000 0.000000 0.250000 1.000000 
Swedish     0.500000 1.000000 0.000000 0.000000 1.000000 1.000000 0.100000 
Danish      0.500000 1.000000 0.000000 0.000000 1.000000 1.000000 0.100000 
Riksmal     0.500000 0.000000 1.000000 1.000000 0.000000 0.250000 1.000000 
Icelandic   0.625000 0.250000 1.000000 1.000000 0.250000 0.000000 1.000000 
Faroese     0.550000 1.000000 0.100000 0.100000 1.000000 1.000000 0.000000 
7
SwedishUp   0.000000 0.625000 0.000000 0.111110 1.000000 1.000000 1.000000 
SwedishVL   0.625000 0.000000 0.625000 0.666665 0.555555 0.555555 0.555555 
Swedish     0.000000 0.625000 0.000000 0.111110 1.000000 1.000000 1.000000 
Danish      0.111110 0.666665 0.111110 0.000000 1.000000 1.000000 1.000000 
Riksmal     1.000000 0.555555 1.000000 1.000000 0.000000 0.100000 0.100000 
Icelandic   1.000000 0.555555 1.000000 1.000000 0.100000 0.000000 0.000000 
Faroese     1.000000 0.555555 1.000000 1.000000 0.100000 0.000000 0.000000 
7
SwedishUp   0.000000 0.166670 0.000000 0.142860 0.142860 0.250000 0.333330 
SwedishVL   0.166670 0.000000 0.166670 0.285710 0.285710 0.375000 0.444440 
Swedish     0.000000 0.166670 0.000000 0.142860 0.142860 0.250000 0.333330 
Danish      0.142860 0.285710 0.142860 0.000000 0.125000 0.222220 0.300000 
Riksmal     0.142860 0.285710 0.142860 0.125000 0.000000 0.111110 0.200000 
Icelandic   0.250000 0.375000 0.250000 0.222220 0.111110 0.000000 0.090910 
Faroese     0.333330 0.444440 0.333330 0.300000 0.200000 0.090910 0.000000 
7
SwedishUp   0.000000 0.000000 0.000000 1.000000 1.000000 1.000000 1.000000 
SwedishVL   0.000000 0.000000 0.000000 1.000000 1.000000 1.000000 1.000000 
Swedish     0.000000 0.000000 0.000000 1.000000 1.000000 1.000000 1.000000 
Danish      1.000000 1.000000 1.000000 0.000000 0.000000 0.062500 0.000000 
Riksmal     1.000000 1.000000 1.000000 0.000000 0.000000 0.062500 0.000000 
Icelandic   1.000000 1.000000 1.000000 0.062500 0.062500 0.000000 0.062500 
Faroese     1.000000 1.000000 1.000000 0.000000 0.000000 0.062500 0.000000 
7
SwedishUp   0.000000 0.000000 0.000000 0.500000 0.500000 0.653845 0.625000 
SwedishVL   0.000000 0.000000 0.000000 0.500000 0.500000 0.615385 0.583335 
Swedish     0.000000 0.000000 0.000000 0.500000 0.500000 0.653845 0.625000 
Danish      0.500000 0.500000 0.500000 0.000000 0.000000 1.000000 1.000000 
Riksmal     0.500000 0.500000 0.500000 0.000000 0.000000 1.000000 1.000000 
Icelandic   0.653845 0.615385 0.653845 1.000000 1.000000 0.000000 0.066670 
Faroese     0.625000 0.583335 0.625000 1.000000 1.000000 0.066670 0.000000 
6
SwedishUp   0.000000 0.142860 0.000000 0.250000 0.250000 0.142860 
SwedishVL   0.142860 0.000000 0.142860 0.142860 0.142860 0.000000 
Swedish     0.000000 0.142860 0.000000 0.250000 0.250000 0.142860 
Danish      0.250000 0.142860 0.250000 0.000000 0.000000 0.142860 
Riksmal     0.250000 0.142860 0.250000 0.000000 0.000000 0.142860 
Faroese     0.142860 0.000000 0.142860 0.142860 0.142860 0.000000 
7
SwedishUp   0.000000 0.000000 0.000000 0.000000 0.000000 0.000000 0.200000 
SwedishVL   0.000000 0.000000 0.000000 0.000000 0.000000 0.000000 0.200000 
Swedish     0.000000 0.000000 0.000000 0.000000 0.000000 0.000000 0.200000 
Danish      0.000000 0.000000 0.000000 0.000000 0.000000 0.000000 0.200000 
Riksmal     0.000000 0.000000 0.000000 0.000000 0.000000 0.000000 0.200000 
Icelandic   0.000000 0.000000 0.000000 0.000000 0.000000 0.000000 0.200000 
Faroese     0.200000 0.200000 0.200000 0.200000 0.200000 0.200000 0.000000 
5
SwedishUp   0.000000 0.000000 0.000000 0.000000 0.000000 
SwedishVL   0.000000 0.000000 0.000000 0.000000 0.000000 
Swedish     0.000000 0.000000 0.000000 0.000000 0.000000 
Danish      0.000000 0.000000 0.000000 0.000000 0.000000 
Riksmal     0.000000 0.000000 0.000000 0.000000 0.000000 
7
SwedishUp   0.000000 0.142860 0.000000 0.142860 0.000000 0.125000 0.000000 
SwedishVL   0.142860 0.000000 0.142860 0.000000 0.142860 0.285710 0.142860 
Swedish     0.000000 0.142860 0.000000 0.142860 0.000000 0.125000 0.000000 
Danish      0.142860 0.000000 0.142860 0.000000 0.142860 0.285710 0.142860 
Riksmal     0.000000 0.142860 0.000000 0.142860 0.000000 0.125000 0.000000 
Icelandic   0.125000 0.285710 0.125000 0.285710 0.125000 0.000000 0.125000 
Faroese     0.000000 0.142860 0.000000 0.142860 0.000000 0.125000 0.000000 
7
SwedishUp   0.000000 0.000000 0.000000 0.222220 0.250000 0.428570 0.285710 
SwedishVL   0.000000 0.000000 0.000000 0.222220 0.250000 0.428570 0.285710 
Swedish     0.000000 0.000000 0.000000 0.222220 0.250000 0.333330 0.000000 
Danish      0.222220 0.222220 0.222220 0.000000 0.111110 0.375000 0.375000 
Riksmal     0.250000 0.250000 0.250000 0.111110 0.000000 0.285710 0.285710 
Icelandic   0.428570 0.428570 0.333330 0.375000 0.285710 0.000000 0.333330 
Faroese     0.285710 0.285710 0.000000 0.375000 0.285710 0.333330 0.000000 
7
SwedishUp   0.000000 0.125000 0.500000 1.000000 1.000000 1.000000 1.000000 
SwedishVL   0.125000 0.000000 0.562500 1.000000 1.000000 1.000000 1.000000 
Swedish     0.500000 0.562500 0.000000 0.531250 0.531250 0.656250 0.593750 
Danish      1.000000 1.000000 0.531250 0.000000 0.000000 0.250000 0.125000 
Riksmal     1.000000 1.000000 0.531250 0.000000 0.000000 0.250000 0.125000 
Icelandic   1.000000 1.000000 0.656250 0.250000 0.250000 0.000000 0.125000 
Faroese     1.000000 1.000000 0.593750 0.125000 0.125000 0.125000 0.000000 
7
SwedishUp   0.000000 0.090910 0.000000 0.083330 0.083330 0.166670 0.090910 
SwedishVL   0.090910 0.000000 0.090910 0.181820 0.181820 0.090910 0.000000 
Swedish     0.000000 0.090910 0.000000 0.083330 0.083330 0.166670 0.090910 
Danish      0.083330 0.181820 0.083330 0.000000 0.000000 0.166670 0.181820 
Riksmal     0.083330 0.181820 0.083330 0.000000 0.000000 0.166670 0.181820 
Icelandic   0.166670 0.090910 0.166670 0.166670 0.166670 0.000000 0.090910 
Faroese     0.090910 0.000000 0.090910 0.181820 0.181820 0.090910 0.000000 
7
SwedishUp   0.000000 0.000000 0.000000 0.000000 0.000000 0.333330 0.200000 
SwedishVL   0.000000 0.000000 0.000000 0.000000 0.000000 0.333330 0.200000 
Swedish     0.000000 0.000000 0.000000 0.000000 0.000000 0.333330 0.200000 
Danish      0.000000 0.000000 0.000000 0.000000 0.000000 0.333330 0.200000 
Riksmal     0.000000 0.000000 0.000000 0.000000 0.000000 0.333330 0.200000 
Icelandic   0.333330 0.333330 0.333330 0.333330 0.333330 0.000000 0.142860 
Faroese     0.200000 0.200000 0.200000 0.200000 0.200000 0.142860 0.000000 
7
SwedishUp   0.000000 0.250000 0.000000 0.200000 0.100000 0.100000 0.100000 
SwedishVL   0.250000 0.000000 0.250000 0.375000 0.375000 0.250000 0.250000 
Swedish     0.000000 0.250000 0.000000 0.200000 0.100000 0.100000 0.100000 
Danish      0.200000 0.375000 0.200000 0.000000 0.100000 0.300000 0.300000 
Riksmal     0.100000 0.375000 0.100000 0.100000 0.000000 0.200000 0.200000 
Icelandic   0.100000 0.250000 0.100000 0.300000 0.200000 0.000000 0.000000 
Faroese     0.100000 0.250000 0.100000 0.300000 0.200000 0.000000 0.000000 
7
SwedishUp   0.000000 0.590910 0.000000 0.000000 1.000000 1.000000 1.000000 
SwedishVL   0.590910 0.000000 0.590910 0.590910 0.692310 0.666665 0.650000 
Swedish     0.000000 0.590910 0.000000 0.000000 1.000000 1.000000 1.000000 
Danish      0.000000 0.590910 0.000000 0.000000 1.000000 1.000000 1.000000 
Riksmal     1.000000 0.692310 1.000000 1.000000 0.000000 0.583330 0.538460 
Icelandic   1.000000 0.666665 1.000000 1.000000 0.583330 0.000000 0.222220 
Faroese     1.000000 0.650000 1.000000 1.000000 0.538460 0.222220 0.000000 
7
SwedishUp   0.000000 0.200000 0.000000 0.000000 0.000000 0.375000 0.444440 
SwedishVL   0.200000 0.000000 0.200000 0.200000 0.200000 0.428570 0.625000 
Swedish     0.000000 0.200000 0.000000 0.000000 0.000000 0.375000 0.444440 
Danish      0.000000 0.200000 0.000000 0.000000 0.000000 0.375000 0.444440 
Riksmal     0.000000 0.200000 0.000000 0.000000 0.000000 0.375000 0.444440 
Icelandic   0.375000 0.428570 0.375000 0.375000 0.375000 0.000000 0.363640 
Faroese     0.444440 0.625000 0.444440 0.444440 0.444440 0.363640 0.000000 
7
SwedishUp   0.000000 0.142860 0.000000 0.285710 0.400000 0.222220 0.272730 
SwedishVL   0.142860 0.000000 0.142860 0.166670 0.444440 0.375000 0.400000 
Swedish     0.000000 0.142860 0.000000 0.285710 0.400000 0.222220 0.272730 
Danish      0.285710 0.166670 0.285710 0.000000 0.444440 0.250000 0.400000 
Riksmal     0.400000 0.444440 0.400000 0.444440 0.000000 0.363640 0.384620 
Icelandic   0.222220 0.375000 0.222220 0.250000 0.363640 0.000000 0.166670 
Faroese     0.272730 0.400000 0.272730 0.400000 0.384620 0.166670 0.000000 
7
SwedishUp   0.000000 0.100000 0.000000 0.300000 0.300000 0.363640 0.200000 
SwedishVL   0.100000 0.000000 0.100000 0.300000 0.300000 0.363640 0.200000 
Swedish     0.000000 0.100000 0.000000 0.300000 0.300000 0.363640 0.200000 
Danish      0.300000 0.300000 0.300000 0.000000 0.100000 0.363640 0.200000 
Riksmal     0.300000 0.300000 0.300000 0.100000 0.000000 0.363640 0.200000 
