8
German_ST   0.000000 0.285710 0.111110 0.000000 0.000000 0.000000 0.142860 0.285710 
PennDutch   0.285710 0.000000 0.375000 0.285710 0.285710 0.285710 0.166670 0.333330 
Dutch       0.111110 0.375000 0.000000 0.111110 0.000000 0.000000 0.250000 0.375000 
Afrikaans   0.000000 0.285710 0.111110 0.000000 0.000000 0.000000 0.142860 0.200000 
Flemish     0.000000 0.285710 0.000000 0.000000 0.000000 0.000000 0.142860 0.285710 
Frisian     0.000000 0.285710 0.000000 0.000000 0.000000 0.000000 0.142860 0.285710 
English     0.142860 0.166670 0.250000 0.142860 0.142860 0.142860 0.000000 0.166670 
Sranan      0.285710 0.333330 0.375000 0.200000 0.285710 0.285710 0.166670 0.000000 
8
German_ST   0.000000 0.333330 0.400000 0.400000 0.400000 0.400000 0.166670 0.400000 
PennDutch   0.333330 0.000000 0.400000 0.400000 0.400000 0.400000 0.500000 0.400000 
Dutch       0.400000 0.400000 0.000000 0.000000 0.000000 0.000000 0.400000 0.000000 
Afrikaans   0.400000 0.400000 0.000000 0.000000 0.000000 0.000000 0.400000 0.000000 
Flemish     0.400000 0.400000 0.000000 0.000000 0.000000 0.000000 0.400000 0.000000 
Frisian     0.400000 0.400000 0.000000 0.000000 0.000000 0.000000 0.400000 0.000000 
English     0.166670 0.500000 0.400000 0.400000 0.400000 0.400000 0.000000 0.400000 
Sranan      0.400000 0.400000 0.000000 0.000000 0.000000 0.000000 0.400000 0.000000 
6
German_ST   0.000000 0.250000 0.062500 0.062500 0.062500 1.000000 
PennDutch   0.250000 0.000000 0.200000 0.200000 0.200000 1.000000 
Dutch       0.062500 0.200000 0.000000 0.000000 0.000000 1.000000 
Afrikaans   0.062500 0.200000 0.000000 0.000000 0.000000 1.000000 
Flemish     0.062500 0.200000 0.000000 0.000000 0.000000 1.000000 
English     1.000000 1.000000 1.000000 1.000000 1.000000 0.000000 
8
German_ST   0.000000 0.222220 0.111110 0.428570 0.111110 0.350000 0.200000 0.300000 
PennDutch   0.222220 0.000000 0.125000 0.500000 0.125000 0.277780 0.444440 0.444440 
Dutch       0.111110 0.125000 0.000000 0.333330 0.000000 0.388890 0.333330 0.333330 
Afrikaans   0.428570 0.500000 0.333330 0.000000 0.333330 0.571430 0.428570 0.428570 
Flemish     0.111110 0.125000 0.000000 0.333330 0.000000 0.388890 0.333330 0.333330 
Frisian     0.350000 0.277780 0.388890 0.571430 0.388890 0.000000 0.400000 0.400000 
English     0.200000 0.444440 0.333330 0.428570 0.333330 0.400000 0.000000 0.200000 
Sranan      0.300000 0.444440 0.333330 0.428570 0.333330 0.400000 0.200000 0.000000 
7
German_ST   0.000000 0.400000 1.000000 1.000000 0.600000 1.000000 0.500000 
PennDutch   0.400000 0.000000 1.000000 1.000000 0.666665 1.000000 0.400000 
Dutch       1.000000 1.000000 0.000000 0.000000 0.500000 1.000000 1.000000 
Afrikaans   1.000000 1.000000 0.000000 0.000000 0.500000 1.000000 1.000000 
Flemish     0.600000 0.666665 0.500000 0.500000 0.000000 1.000000 0.800000 
English     1.000000 1.000000 1.000000 1.000000 1.000000 0.000000 1.000000 
Sranan      0.500000 0.400000 1.000000 1.000000 0.800000 1.000000 0.000000 
8
German_ST   0.000000 1.000000 0.444440 0.444440 0.444440 0.444440 1.000000 1.000000 
PennDutch   1.000000 0.000000 1.000000 1.000000 1.000000 1.000000 0.363640 0.454550 
Dutch       0.444440 1.000000 0.000000 0.000000 0.000000 0.000000 1.000000 1.000000 
Afrikaans   0.444440 1.000000 0.000000 0.000000 0.000000 0.000000 1.000000 1.000000 
Flemish     0.444440 1.000000 0.000000 0.000000 0.000000 0.000000 1.000000 1.000000 
Frisian     0.444440 1.000000 0.000000 0.000000 0.000000 0.000000 1.000000 1.000000 
English     1.000000 0.363640 1.000000 1.000000 1.000000 1.000000 0.000000 0.187500 
Sranan      1.000000 0.454550 1.000000 1.000000 1.000000 1.000000 0.187500 0.000000 
6
German_ST   0.000000 0.000000 0.142860 0.416670 0.142860 0.321430 
PennDutch   0.000000 0.000000 0.142860 0.416670 0.142860 0.321430 
Dutch       0.142860 0.142860 0.000000 0.300000 0.000000 0.208330 
Afrikaans   0.416670 0.416670 0.300000 0.000000 0.300000 0.300000 
Flemish     0.142860 0.142860 0.000000 0.300000 0.000000 0.208330 
Sranan      0.321430 0.321430 0.208330 0.300000 0.208330 0.000000 
3
Dutch       0.000000 0.366670 1.000000 
Afrikaans   0.366670 0.000000 1.000000 
English     1.000000 1.000000 0.000000 
6
Dutch       0.000000 0.000000 0.000000 0.100000 1.000000 1.000000 
Afrikaans   0.000000 0.000000 0.000000 0.100000 1.000000 1.000000 
Flemish     0.000000 0.000000 0.000000 0.100000 1.000000 1.000000 
Frisian     0.100000 0.100000 0.100000 0.000000 1.000000 1.000000 
English     1.000000 1.000000 1.000000 1.000000 0.000000 0.269230 
Sranan      1.000000 1.000000 1.000000 1.000000 0.269230 0.000000 
8
German_ST   0.000000 0.000000 0.333330 0.333330 0.333330 0.312500 1.000000 1.000000 
PennDutch   0.000000 0.000000 0.333330 0.333330 0.333330 0.312500 1.000000 1.000000 
Dutch       0.333330 0.333330 0.000000 0.000000 0.000000 0.142860 1.000000 1.000000 
Afrikaans   0.333330 0.333330 0.000000 0.000000 0.000000 0.142860 1.000000 1.000000 
Flemish     0.333330 0.333330 0.000000 0.000000 0.000000 0.142860 1.000000 1.000000 
Frisian     0.312500 0.312500 0.142860 0.142860 0.142860 0.000000 1.000000 1.000000 
English     1.000000 1.000000 1.000000 1.000000 1.000000 1.000000 0.000000 0.222220 
Sranan      1.000000 1.000000 1.000000 1.000000 1.000000 1.000000 0.222220 0.000000 
7
German_ST   0.000000 0.136360 0.200000 0.200000 0.200000 0.300000 0.272730 
PennDutch   0.136360 0.000000 0.272730 0.272730 0.272730 0.272730 0.250000 
Dutch       0.200000 0.272730 0.000000 0.000000 0.000000 0.200000 0.181820 
Afrikaans   0.200000 0.272730 0.000000 0.000000 0.000000 0.200000 0.181820 
Flemish     0.200000 0.272730 0.000000 0.000000 0.000000 0.200000 0.181820 
Frisian     0.300000 0.272730 0.200000 0.200000 0.200000 0.000000 0.222220 
Sranan      0.272730 0.250000 0.181820 0.181820 0.181820 0.222220 0.000000 
7
German_ST   0.000000 0.227270 0.000000 0.111110 0.000000 0.150000 0.375000 
PennDutch   0.227270 0.000000 0.227270 0.350000 0.227270 0.090910 0.384620 
Dutch       0.000000 0.227270 0.000000 0.111110 0.000000 0.150000 0.375000 
Afrikaans   0.111110 0.350000 0.111110 0.000000 0.111110 0.277780 0.409090 
Flemish     0.000000 0.227270 0.000000 0.111110 0.000000 0.150000 0.375000 
Frisian     0.150000 0.090910 0.150000 0.277780 0.150000 0.000000 0.416670 
Sranan      0.375000 0.384620 0.375000 0.409090 0.375000 0.416670 0.000000 
5
German_ST   0.000000 0.142860 0.291670 0.250000 0.291670 
PennDutch   0.142860 0.000000 0.458330 0.416670 0.458330 
Dutch       0.291670 0.458330 0.000000 0.050000 0.000000 
Afrikaans   0.250000 0.416670 0.050000 0.000000 0.050000 
Flemish     0.291670 0.458330 0.000000 0.050000 0.000000 
8
German_ST   0.000000 0.111110 0.277780 0.277780 0.277780 0.277780 0.277780 0.500000 
PennDutch   0.111110 0.000000 0.250000 0.250000 0.250000 0.250000 0.250000 0.458330 
Dutch       0.277780 0.250000 0.000000 0.000000 0.000000 0.000000 0.100000 0.250000 
Afrikaans   0.277780 0.250000 0.000000 0.000000 0.000000 0.000000 0.100000 0.250000 
Flemish     0.277780 0.250000 0.000000 0.000000 0.000000 0.000000 0.100000 0.250000 
Frisian     0.277780 0.250000 0.000000 0.000000 0.000000 0.000000 0.100000 0.250000 
English     0.277780 0.250000 0.100000 0.100000 0.100000 0.100000 0.000000 0.333330 
Sranan      0.500000 0.458330 0.250000 0.250000 0.250000 0.250000 0.333330 0.000000 
6
Dutch       0.000000 0.000000 0.000000 0.125000 0.285710 0.250000 
Afrikaans   0.000000 0.000000 0.000000 0.125000 0.375000 0.250000 
Flemish     0.000000 0.000000 0.000000 0.125000 0.375000 0.250000 
Frisian     0.125000 0.125000 0.125000 0.000000 0.375000 0.250000 
English     0.285710 0.375000 0.375000 0.375000 0.000000 0.250000 
Sranan      0.250000 0.250000 0.250000 0.250000 0.250000 0.000000 
6
German_ST   0.000000 0.200000 0.000000 0.000000 0.000000 0.214290 
PennDutch   0.200000 0.000000 0.200000 0.200000 0.200000 0.388890 
Dutch       0.000000 0.200000 0.000000 0.000000 0.000000 0.214290 
Afrikaans   0.000000 0.200000 0.000000 0.000000 0.000000 0.214290 
Flemish     0.000000 0.200000 0.000000 0.000000 0.000000 0.214290 
Frisian     0.214290 0.388890 0.214290 0.214290 0.214290 0.000000 
7
German_ST   0.000000 0.300000 0.111110 0.111110 0.111110 0.000000 0.090910 
PennDutch   0.300000 0.000000 0.333330 0.333330 0.333330 0.300000 0.363640 
Dutch       0.111110 0.333330 0.000000 0.000000 0.000000 0.000000 0.200000 
Afrikaans   0.111110 0.333330 0.000000 0.000000 0.000000 0.000000 0.200000 
Flemish     0.111110 0.333330 0.000000 0.000000 0.000000 0.000000 0.200000 
Frisian     0.000000 0.300000 0.000000 0.000000 0.000000 0.000000 0.090910 
Sranan      0.090910 0.363640 0.200000 0.200000 0.200000 0.090910 0.000000 
8
German_ST   0.000000 0.125000 0.312500 0.312500 0.312500 0.062500 0.250000 0.500000 
PennDutch   0.125000 0.000000 0.312500 0.312500 0.312500 0.187500 0.250000 0.500000 
Dutch       0.312500 0.312500 0.000000 0.000000 0.000000 0.250000 0.187500 0.300000 
Afrikaans   0.312500 0.312500 0.000000 0.000000 0.000000 0.250000 0.187500 0.300000 
Flemish     0.312500 0.312500 0.000000 0.000000 0.000000 0.250000 0.187500 0.300000 
Frisian     0.062500 0.187500 0.250000 0.250000 0.250000 0.000000 0.187500 0.500000 
English     0.250000 0.250000 0.187500 0.187500 0.187500 0.187500 0.000000 0.450000 
Sranan      0.500000 0.500000 0.300000 0.300000 0.300000 0.500000 0.450000 0.000000 
8
German_ST   0.000000 0.214290 0.083330 0.083330 0.083330 1.000000 1.000000 1.000000 
PennDutch   0.214290 0.000000 0.142860 0.142860 0.142860 1.000000 1.000000 1.000000 
Dutch       0.083330 0.142860 0.000000 0.000000 0.000000 1.000000 1.000000 1.000000 
Afrikaans   0.083330 0.142860 0.000000 0.000000 0.000000 1.000000 1.000000 1.000000 
Flemish     0.083330 0.142860 0.000000 0.000000 0.000000 1.000000 1.000000 1.000000 
Frisian     1.000000 1.000000 1.000000 1.000000 1.000000 0.000000 0.250000 0.000000 
English     1.000000 1.000000 1.000000 1.000000 1.000000 0.250000 0.000000 0.250000 
Sranan      1.000000 1.000000 1.000000 1.000000 1.000000 0.000000 0.250000 0.000000 
6
PennDutch   0.000000 1.000000 1.000000 1.000000 0.500000 0.500000 
Dutch       1.000000 0.000000 0.000000 0.000000 1.000000 1.000000 
Afrikaans   1.000000 0.000000 0.000000 0.000000 1.000000 1.000000 
Flemish     1.000000 0.000000 0.000000 0.000000 1.000000 1.000000 
English     0.500000 1.000000 1.000000 1.000000 0.000000 0.277780 
Sranan      0.500000 1.000000 1.000000 1.000000 0.277780 0.000000 
6
German_ST   0.000000 0.200000 0.125000 0.125000 0.125000 0.250000 
PennDutch   0.200000 0.000000 0.300000 0.300000 0.300000 0.300000 
Dutch       0.125000 0.300000 0.000000 0.000000 0.000000 0.250000 
Afrikaans   0.125000 0.300000 0.000000 0.000000 0.000000 0.250000 
Flemish     0.125000 0.300000 0.000000 0.000000 0.000000 0.250000 
Frisian     0.250000 0.300000 0.250000 0.250000 0.250000 0.000000 
8
German_ST   0.000000 0.250000 0.375000 0.375000 0.375000 0.307690 0.550000 0.450000 
PennDutch   0.250000 0.000000 0.416670 0.416670 0.416670 0.307690 0.500000 0.400000 
Dutch       0.375000 0.416670 0.000000 0.000000 0.000000 0.272730 0.375000 0.375000 
Afrikaans   0.375000 0.416670 0.000000 0.000000 0.000000 0.272730 0.285710 0.285710 
Flemish     0.375000 0.416670 0.000000 0.000000 0.000000 0.272730 0.375000 0.375000 
Frisian     0.307690 0.307690 0.272730 0.272730 0.272730 0.000000 0.444440 0.333330 
English     0.550000 0.500000 0.375000 0.285710 0.375000 0.444440 0.000000 0.166670 
Sranan      0.450000 0.400000 0.375000 0.285710 0.375000 0.333330 0.166670 0.000000 
7
German_ST   0.000000 0.285710 0.181820 0.181820 0.181820 1.000000 0.230770 
PennDutch   0.285710 0.000000 0.307690 0.307690 0.307690 1.000000 0.400000 
Dutch       0.181820 0.307690 0.000000 0.000000 0.000000 1.000000 0.166670 
Afrikaans   0.181820 0.307690 0.000000 0.000000 0.000000 1.000000 0.166670 
Frisian     0.181820 0.307690 0.000000 0.000000 0.000000 1.000000 0.166670 
English     1.000000 1.000000 1.000000 1.000000 1.000000 0.000000 1.000000 
Sranan      0.230770 0.400000 0.166670 0.166670 0.166670 1.000000 0.000000 
8
German_ST   0.000000 0.250000 0.333330 0.333330 0.333330 0.333330 1.000000 0.333330 
PennDutch   0.250000 0.000000 0.454550 0.454550 0.454550 0.454550 1.000000 0.454550 
Dutch       0.333330 0.454550 0.000000 0.000000 0.000000 0.000000 1.000000 0.000000 
Afrikaans   0.333330 0.454550 0.000000 0.000000 0.000000 0.000000 1.000000 0.000000 
Flemish     0.333330 0.454550 0.000000 0.000000 0.000000 0.000000 1.000000 0.000000 
Frisian     0.333330 0.454550 0.000000 0.000000 0.000000 0.000000 1.000000 0.000000 
English     1.000000 1.000000 1.000000 1.000000 1.000000 1.000000 0.000000 1.000000 
Sranan      0.333330 0.454550 0.000000 0.000000 0.000000 0.000000 1.000000 0.000000 
8
German_ST   0.000000 0.166670 0.166670 0.166670 0.166670 0.333330 0.333330 1.000000 
PennDutch   0.166670 0.000000 0.166670 0.166670 0.166670 0.333330 0.333330 1.000000 
Dutch       0.166670 0.166670 0.000000 0.000000 0.000000 0.333330 0.333330 1.000000 
Afrikaans   0.166670 0.166670 0.000000 0.000000 0.000000 0.333330 0.333330 1.000000 
Flemish     0.166670 0.166670 0.000000 0.000000 0.000000 0.333330 0.333330 1.000000 
Frisian     0.333330 0.333330 0.333330 0.333330 0.333330 0.000000 0.000000 1.000000 
English     0.333330 0.333330 0.333330 0.333330 0.333330 0.000000 0.000000 1.000000 
Sranan      1.000000 1.000000 1.000000 1.000000 1.000000 1.000000 1.000000 0.000000 
7
German_ST   0.000000 0.444440 0.222220 0.222220 0.111110 0.111110 0.277780 
PennDutch   0.444440 0.000000 0.300000 0.300000 0.300000 0.300000 0.450000 
Dutch       0.222220 0.300000 0.000000 0.000000 0.100000 0.200000 0.250000 
Afrikaans   0.222220 0.300000 0.000000 0.000000 0.100000 0.200000 0.250000 
Flemish     0.111110 0.300000 0.100000 0.100000 0.000000 0.100000 0.350000 
Frisian     0.111110 0.300000 0.200000 0.200000 0.100000 0.000000 0.350000 
English     0.277780 0.450000 0.250000 0.250000 0.350000 0.350000 0.000000 
8
German_ST   0.000000 0.250000 0.000000 0.333330 0.000000 1.000000 1.000000 1.000000 
PennDutch   0.250000 0.000000 0.250000 0.500000 0.250000 1.000000 1.000000 1.000000 
Dutch       0.000000 0.250000 0.000000 0.333330 0.000000 1.000000 1.000000 1.000000 
Afrikaans   0.333330 0.500000 0.333330 0.000000 0.333330 1.000000 1.000000 1.000000 
Flemish     0.000000 0.250000 0.000000 0.333330 0.000000 1.000000 1.000000 1.000000 
Frisian     1.000000 1.000000 1.000000 1.000000 1.000000 0.000000 1.000000 1.000000 
English     1.000000 1.000000 1.000000 1.000000 1.000000 1.000000 0.000000 0.428570 
Sranan      1.000000 1.000000 1.000000 1.000000 1.000000 1.000000 0.428570 0.000000 
7
PennDutch   0.000000 0.500000 0.500000 0.500000 0.428570 1.000000 1.000000 
Dutch       0.500000 0.000000 0.000000 0.000000 0.571430 1.000000 1.000000 
Afrikaans   0.500000 0.000000 0.000000 0.000000 0.571430 1.000000 1.000000 
Flemish     0.500000 0.000000 0.000000 0.000000 0.571430 1.000000 1.000000 
Frisian     0.428570 0.571430 0.571430 0.571430 0.000000 1.000000 1.000000 
English     1.000000 1.000000 1.000000 1.000000 1.000000 0.000000 0.500000 
Sranan      1.000000 1.000000 1.000000 1.000000 1.000000 0.500000 0.000000 
6
Dutch       0.000000 0.000000 0.000000 0.214290 0.250000 0.357140 
Afrikaans   0.000000 0.000000 0.000000 0.214290 0.250000 0.357140 
Flemish     0.000000 0.000000 0.000000 0.214290 0.250000 0.357140 
Frisian     0.214290 0.214290 0.214290 0.000000 0.285710 0.375000 
English     0.250000 0.250000 0.250000 0.285710 0.000000 0.142860 
Sranan      0.357140 0.357140 0.357140 0.375000 0.142860 0.000000 
8
German_ST   0.000000 0.000000 0.214290 0.214290 0.214290 0.214290 0.285710 0.333330 
PennDutch   0.000000 0.000000 0.214290 0.214290 0.214290 0.214290 0.285710 0.333330 
Dutch       0.214290 0.214290 0.000000 0.000000 0.000000 0.000000 0.250000 0.437500 
Afrikaans   0.214290 0.214290 0.000000 0.000000 0.000000 0.000000 0.250000 0.437500 
Flemish     0.214290 0.214290 0.000000 0.000000 0.000000 0.000000 0.250000 0.437500 
Frisian     0.214290 0.214290 0.000000 0.000000 0.000000 0.000000 0.250000 0.437500 
English     0.285710 0.285710 0.250000 0.250000 0.250000 0.250000 0.000000 0.250000 
Sranan      0.333330 0.333330 0.437500 0.437500 0.437500 0.437500 0.250000 0.000000 
8
German_ST   0.000000 0.227270 0.050000 0.525000 0.525000 0.166670 0.136360 1.000000 
PennDutch   0.227270 0.000000 0.272730 0.636365 0.636365 0.300000 0.166670 1.000000 
Dutch       0.050000 0.272730 0.000000 0.500000 0.500000 0.166670 0.181820 1.000000 
Afrikaans   0.525000 0.636365 0.500000 0.000000 0.166665 0.583335 0.590910 1.000000 
Flemish     0.525000 0.636365 0.500000 0.166665 0.000000 0.583335 0.590910 1.000000 
Frisian     0.166670 0.300000 0.166670 0.583335 0.583335 0.000000 0.200000 1.000000 
English     0.136360 0.166670 0.181820 0.590910 0.590910 0.200000 0.000000 1.000000 
Sranan      1.000000 1.000000 1.000000 1.000000 1.000000 1.000000 1.000000 0.000000 
6
German_ST   0.000000 0.090910 0.050000 0.583335 0.222220 0.208330 
PennDutch   0.090910 0.000000 0.136360 0.625000 0.300000 0.192310 
Dutch       0.050000 0.136360 0.000000 0.555555 0.277780 0.250000 
Afrikaans   0.583335 0.625000 0.555555 0.000000 0.593750 0.659090 
Frisian     0.222220 0.300000 0.277780 0.593750 0.000000 0.272730 
English     0.208330 0.192310 0.250000 0.659090 0.272730 0.000000 
6
German_ST   0.000000 0.090910 0.090910 0.090910 1.000000 0.250000 
Dutch       0.090910 0.000000 0.000000 0.000000 1.000000 0.153850 
Afrikaans   0.090910 0.000000 0.000000 0.000000 1.000000 0.153850 
Flemish     0.090910 0.000000 0.000000 0.000000 1.000000 0.153850 
English     1.000000 1.000000 1.000000 1.000000 0.000000 1.000000 
Sranan      0.250000 0.153850 0.153850 0.153850 1.000000 0.000000 
8
German_ST   0.000000 0.100000 0.277780 0.277780 0.166670 0.222220 0.333330 0.444440 
PennDutch   0.100000 0.000000 0.388890 0.388890 0.277780 0.333330 0.333330 0.444440 
Dutch       0.277780 0.388890 0.000000 0.000000 0.125000 0.187500 0.437500 0.437500 
Afrikaans   0.277780 0.388890 0.000000 0.000000 0.125000 0.187500 0.437500 0.437500 
Flemish     0.166670 0.277780 0.125000 0.125000 0.000000 0.312500 0.437500 0.437500 
Frisian     0.222220 0.333330 0.187500 0.187500 0.312500 0.000000 0.375000 0.375000 
English     0.333330 0.333330 0.437500 0.437500 0.437500 0.375000 0.000000 0.375000 
Sranan      0.444440 0.444440 0.437500 0.437500 0.437500 0.375000 0.375000 0.000000 
8
German_ST   0.000000 0.090910 0.136360 0.388890 0.136360 0.250000 0.200000 0.300000 
PennDutch   0.090910 0.000000 0.050000 0.312500 0.050000 0.166670 0.111110 0.222220 
Dutch       0.136360 0.050000 0.000000 0.250000 0.000000 0.222220 0.166670 0.277780 
Afrikaans   0.388890 0.312500 0.250000 0.000000 0.250000 0.214290 0.214290 0.214290 
Flemish     0.136360 0.050000 0.000000 0.250000 0.000000 0.222220 0.166670 0.277780 
Frisian     0.250000 0.166670 0.222220 0.214290 0.222220 0.000000 0.125000 0.125000 
English     0.200000 0.111110 0.166670 0.214290 0.166670 0.125000 0.000000 0.125000 
Sranan      0.300000 0.222220 0.277780 0.214290 0.277780 0.125000 0.125000 0.000000 
8
German_ST   0.000000 0.222220 0.312500 0.357140 0.357140 0.250000 0.375000 0.333330 
PennDutch   0.222220 0.000000 0.277780 0.375000 0.375000 0.222220 0.166670 0.300000 
Dutch       0.312500 0.277780 0.000000 0.214290 0.214290 0.187500 0.312500 0.388890 
Afrikaans   0.357140 0.375000 0.214290 0.000000 0.000000 0.285710 0.357140 0.375000 
Flemish     0.357140 0.375000 0.214290 0.000000 0.000000 0.285710 0.357140 0.375000 
Frisian     0.250000 0.222220 0.187500 0.285710 0.285710 0.000000 0.250000 0.222220 
English     0.375000 0.166670 0.312500 0.357140 0.357140 0.250000 0.000000 0.277780 
Sranan      0.333330 0.300000 0.388890 0.375000 0.375000 0.222220 0.277780 0.000000 
8
German_ST   0.000000 0.200000 0.300000 0.222220 0.300000 0.222220 1.000000 0.307690 
PennDutch   0.200000 0.000000 0.200000 0.222220 0.200000 0.222220 1.000000 0.416670 
Dutch       0.300000 0.200000 0.000000 0.111110 0.000000 0.111110 1.000000 0.307690 
Afrikaans   0.222220 0.222220 0.111110 0.000000 0.111110 0.000000 1.000000 0.272730 
Flemish     0.300000 0.200000 0.000000 0.111110 0.000000 0.111110 1.000000 0.307690 
Frisian     0.222220 0.222220 0.111110 0.000000 0.111110 0.000000 1.000000 0.272730 
English     1.000000 1.000000 1.000000 1.000000 1.000000 1.000000 0.000000 1.000000 
Sranan      0.307690 0.416670 0.307690 0.272730 0.307690 0.272730 1.000000 0.000000 
4
German_ST   0.000000 0.100000 0.100000 0.100000 
PennDutch   0.100000 0.000000 0.000000 0.050000 
Dutch       0.100000 0.000000 0.000000 0.050000 
Afrikaans   0.100000 0.050000 0.050000 0.000000 
8
German_ST   0.000000 0.166670 0.437500 0.437500 0.437500 0.375000 0.375000 0.500000 
PennDutch   0.166670 0.000000 0.500000 0.500000 0.500000 0.444440 0.444440 0.454550 
Dutch       0.437500 0.500000 0.000000 0.000000 0.000000 0.062500 0.187500 0.250000 
Afrikaans   0.437500 0.500000 0.000000 0.000000 0.000000 0.062500 0.187500 0.250000 
Flemish     0.437500 0.500000 0.000000 0.000000 0.000000 0.062500 0.187500 0.250000 
Frisian     0.375000 0.444440 0.062500 0.062500 0.062500 0.000000 0.125000 0.200000 
English     0.375000 0.444440 0.187500 0.187500 0.187500 0.125000 0.000000 0.300000 
Sranan      0.500000 0.454550 0.250000 0.250000 0.250000 0.200000 0.300000 0.000000 
8
German_ST   0.000000 0.166670 0.000000 0.000000 0.000000 0.409090 0.312500 0.583330 
PennDutch   0.166670 0.000000 0.166670 0.166670 0.166670 0.416670 0.333330 0.571430 
Dutch       0.000000 0.166670 0.000000 0.000000 0.000000 0.409090 0.312500 0.583330 
Afrikaans   0.000000 0.166670 0.000000 0.000000 0.000000 0.409090 0.312500 0.583330 
Flemish     0.000000 0.166670 0.000000 0.000000 0.000000 0.409090 0.312500 0.583330 
Frisian     0.409090 0.416670 0.409090 0.409090 0.409090 0.000000 0.272730 0.555560 
English     0.312500 0.333330 0.312500 0.312500 0.312500 0.272730 0.000000 0.333330 
Sranan      0.583330 0.571430 0.583330 0.583330 0.583330 0.555560 0.333330 0.000000 
6
German_ST   0.000000 0.041670 0.350000 0.041670 0.000000 0.181820 
Dutch       0.041670 0.000000 0.300000 0.000000 0.041670 0.227270 
Afrikaans   0.350000 0.300000 0.000000 0.300000 0.350000 0.277780 
Flemish     0.041670 0.000000 0.300000 0.000000 0.041670 0.227270 
Frisian     0.000000 0.041670 0.350000 0.041670 0.000000 0.181820 
English     0.181820 0.227270 0.277780 0.227270 0.181820 0.000000 
7
German_ST   0.000000 0.142860 0.357140 0.357140 0.357140 0.357140 1.000000 
PennDutch   0.142860 0.000000 0.312500 0.312500 0.312500 0.312500 1.000000 
Dutch       0.357140 0.312500 0.000000 0.000000 0.000000 0.125000 1.000000 
Afrikaans   0.357140 0.312500 0.000000 0.000000 0.000000 0.125000 1.000000 
Flemish     0.357140 0.312500 0.000000 0.000000 0.000000 0.125000 1.000000 
English     0.357140 0.312500 0.125000 0.125000 0.125000 0.000000 1.000000 
Sranan      1.000000 1.000000 1.000000 1.000000 1.000000 1.000000 0.000000 
8
German_ST   0.000000 0.200000 0.000000 0.000000 0.000000 0.333330 0.111110 0.111110 
PennDutch   0.200000 0.000000 0.200000 0.200000 0.200000 0.363640 0.136360 0.181820 
Dutch       0.000000 0.200000 0.000000 0.000000 0.000000 0.333330 0.111110 0.111110 
Afrikaans   0.000000 0.200000 0.000000 0.000000 0.000000 0.333330 0.111110 0.111110 
Flemish     0.000000 0.200000 0.000000 0.000000 0.000000 0.333330 0.111110 0.111110 
Frisian     0.333330 0.363640 0.333330 0.333330 0.333330 0.000000 0.300000 0.400000 
English     0.111110 0.136360 0.111110 0.111110 0.111110 0.300000 0.000000 0.100000 
Sranan      0.111110 0.181820 0.111110 0.111110 0.111110 0.400000 0.100000 0.000000 
8
German_ST   0.000000 0.250000 0.222220 0.222220 0.222220 0.333330 0.222220 0.222220 
PennDutch   0.250000 0.000000 0.222220 0.222220 0.222220 0.111110 0.222220 0.222220 
Dutch       0.222220 0.222220 0.000000 0.000000 0.000000 0.200000 0.100000 0.000000 
Afrikaans   0.222220 0.222220 0.000000 0.000000 0.000000 0.200000 0.100000 0.000000 
Flemish     0.222220 0.222220 0.000000 0.000000 0.000000 0.200000 0.100000 0.000000 
Frisian     0.333330 0.111110 0.200000 0.200000 0.200000 0.000000 0.200000 0.200000 
English     0.222220 0.222220 0.100000 0.100000 0.100000 0.200000 0.000000 0.100000 
Sranan      0.222220 0.222220 0.000000 0.000000 0.000000 0.200000 0.100000 0.000000 
5
German_ST   0.000000 0.200000 0.300000 0.333330 1.000000 
Dutch       0.200000 0.000000 0.125000 0.200000 1.000000 
Afrikaans   0.300000 0.125000 0.000000 0.300000 1.000000 
Flemish     0.333330 0.200000 0.300000 0.000000 1.000000 
Sranan      1.000000 1.000000 1.000000 1.000000 0.000000 
7
German_ST   0.000000 0.250000 0.000000 0.000000 0.125000 0.250000 0.125000 
PennDutch   0.250000 0.000000 0.250000 0.250000 0.250000 0.250000 0.250000 
Dutch       0.000000 0.250000 0.000000 0.000000 0.125000 0.250000 0.125000 
Afrikaans   0.000000 0.250000 0.000000 0.000000 0.125000 0.250000 0.125000 
Flemish     0.125000 0.250000 0.125000 0.125000 0.000000 0.125000 0.000000 
Frisian     0.250000 0.250000 0.250000 0.250000 0.125000 0.000000 0.250000 
English     0.125000 0.250000 0.125000 0.125000 0.000000 0.250000 0.000000 
8
German_ST   0.000000 0.300000 0.000000 0.000000 0.000000 0.142860 0.000000 0.142860 
PennDutch   0.300000 0.000000 0.300000 0.300000 0.300000 0.444440 0.300000 0.363640 
Dutch       0.000000 0.300000 0.000000 0.000000 0.000000 0.142860 0.000000 0.142860 
Afrikaans   0.000000 0.300000 0.000000 0.000000 0.000000 0.142860 0.000000 0.142860 
Flemish     0.000000 0.300000 0.000000 0.000000 0.000000 0.142860 0.000000 0.142860 
Frisian     0.142860 0.444440 0.142860 0.142860 0.142860 0.000000 0.142860 0.000000 
English     0.000000 0.300000 0.000000 0.000000 0.000000 0.142860 0.000000 0.142860 
Sranan      0.142860 0.363640 0.142860 0.142860 0.142860 0.000000 0.142860 0.000000 
8
German_ST   0.000000 0.000000 1.000000 1.000000 1.000000 0.500000 1.000000 1.000000 
PennDutch   0.000000 0.000000 1.000000 1.000000 1.000000 0.500000 1.000000 1.000000 
Dutch       1.000000 1.000000 0.000000 0.300000 0.300000 0.625000 0.400000 0.333330 
Afrikaans   1.000000 1.000000 0.300000 0.000000 0.000000 0.750000 0.250000 0.400000 
Flemish     1.000000 1.000000 0.300000 0.000000 0.000000 0.750000 0.250000 0.400000 
Frisian     0.500000 0.500000 0.625000 0.750000 0.750000 0.000000 0.714285 0.750000 
English     1.000000 1.000000 0.400000 0.250000 0.250000 0.714285 0.000000 0.200000 
Sranan      1.000000 1.000000 0.333330 0.400000 0.400000 0.750000 0.200000 0.000000 
8
German_ST   0.000000 0.285710 1.000000 0.571430 1.000000 0.571430 1.000000 1.000000 
PennDutch   0.285710 0.000000 1.000000 0.583335 1.000000 0.583335 1.000000 1.000000 
Dutch       1.000000 1.000000 0.000000 0.555555 0.000000 0.666665 0.333330 0.444440 
Afrikaans   0.571430 0.583335 0.555555 0.000000 0.555555 0.187500 0.687500 0.687500 
Flemish     1.000000 1.000000 0.000000 0.555555 0.000000 0.666665 0.333330 0.444440 
Frisian     0.571430 0.583335 0.666665 0.187500 0.666665 0.000000 0.625000 0.625000 
English     1.000000 1.000000 0.333330 0.687500 0.333330 0.625000 0.000000 0.250000 
Sranan      1.000000 1.000000 0.444440 0.687500 0.444440 0.625000 0.250000 0.000000 
8
German_ST   0.000000 0.250000 0.250000 0.250000 0.250000 0.250000 0.222220 0.444440 
PennDutch   0.250000 0.000000 0.375000 0.375000 0.375000 0.375000 0.444440 0.333330 
Dutch       0.250000 0.375000 0.000000 0.000000 0.000000 0.000000 0.111110 0.222220 
Afrikaans   0.250000 0.375000 0.000000 0.000000 0.000000 0.000000 0.111110 0.222220 
Flemish     0.250000 0.375000 0.000000 0.000000 0.000000 0.000000 0.111110 0.222220 
Frisian     0.250000 0.375000 0.000000 0.000000 0.000000 0.000000 0.111110 0.222220 
English     0.222220 0.444440 0.111110 0.111110 0.111110 0.111110 0.000000 0.300000 
Sranan      0.444440 0.333330 0.222220 0.222220 0.222220 0.222220 0.300000 0.000000 
6
German_ST   0.000000 0.214290 0.409090 0.363640 0.409090 1.000000 
PennDutch   0.214290 0.000000 0.346150 0.307690 0.346150 1.000000 
Dutch       0.409090 0.346150 0.000000 0.050000 0.000000 1.000000 
Afrikaans   0.363640 0.307690 0.050000 0.000000 0.050000 1.000000 
Flemish     0.409090 0.346150 0.000000 0.050000 0.000000 1.000000 
Frisian     1.000000 1.000000 1.000000 1.000000 1.000000 0.000000 
7
German_ST   0.000000 0.222220 0.000000 0.000000 0.000000 0.250000 0.250000 
PennDutch   0.222220 0.000000 0.222220 0.222220 0.222220 0.222220 0.444440 
Dutch       0.000000 0.222220 0.000000 0.000000 0.000000 0.250000 0.250000 
Afrikaans   0.000000 0.222220 0.000000 0.000000 0.000000 0.250000 0.250000 
Flemish     0.000000 0.222220 0.000000 0.000000 0.000000 0.250000 0.250000 
Frisian     0.250000 0.222220 0.250000 0.250000 0.250000 0.000000 0.300000 
English     0.250000 0.444440 0.250000 0.250000 0.250000 0.300000 0.000000 
4
Dutch       0.000000 0.000000 0.000000 0.166670 
Afrikaans   0.000000 0.000000 0.000000 0.166670 
Flemish     0.000000 0.000000 0.000000 0.166670 
English     0.166670 0.166670 0.166670 0.000000 
5
German_ST   0.000000 0.363640 0.400000 0.400000 0.400000 
PennDutch   0.363640 0.000000 0.142860 0.142860 0.142860 
Afrikaans   0.400000 0.142860 0.000000 0.000000 0.000000 
Flemish     0.400000 0.142860 0.000000 0.000000 0.000000 
Sranan      0.400000 0.142860 0.000000 0.000000 0.000000 
8
German_ST   0.000000 0.000000 0.300000 0.500000 0.300000 0.300000 0.500000 1.000000 
PennDutch   0.000000 0.000000 0.300000 0.500000 0.300000 0.300000 0.500000 1.000000 
Dutch       0.300000 0.300000 0.000000 0.250000 0.000000 0.000000 0.333330 1.000000 
Afrikaans   0.500000 0.500000 0.250000 0.000000 0.250000 0.125000 0.666670 1.000000 
Flemish     0.300000 0.300000 0.000000 0.250000 0.000000 0.000000 0.333330 1.000000 
Frisian     0.300000 0.300000 0.000000 0.125000 0.000000 0.000000 0.333330 1.000000 
English     0.500000 0.500000 0.333330 0.666670 0.333330 0.333330 0.000000 1.000000 
Sranan      1.000000 1.000000 1.000000 1.000000 1.000000 1.000000 1.000000 0.000000 
8
German_ST   0.000000 0.500000 0.333330 0.300000 0.300000 0.166670 0.500000 0.416670 
PennDutch   0.500000 0.000000 0.333330 0.500000 0.500000 0.333330 0.000000 0.416670 
Dutch       0.333330 0.333330 0.000000 0.300000 0.300000 0.166670 0.333330 0.416670 
Afrikaans   0.300000 0.500000 0.300000 0.000000 0.000000 0.300000 0.500000 0.200000 
Flemish     0.300000 0.500000 0.300000 0.000000 0.000000 0.300000 0.500000 0.200000 
Frisian     0.166670 0.333330 0.166670 0.300000 0.300000 0.000000 0.333330 0.416670 
English     0.500000 0.000000 0.333330 0.500000 0.500000 0.333330 0.000000 0.416670 
Sranan      0.416670 0.416670 0.416670 0.200000 0.200000 0.416670 0.416670 0.000000 
3
Frisian     0.000000 0.250000 0.400000 
English     0.250000 0.000000 0.400000 
Sranan      0.400000 0.400000 0.000000 
6
German_ST   0.000000 0.000000 0.000000 0.000000 0.000000 0.000000 
PennDutch   0.000000 0.000000 0.000000 0.000000 0.000000 0.000000 
Dutch       0.000000 0.000000 0.000000 0.000000 0.000000 0.000000 
Afrikaans   0.000000 0.000000 0.000000 0.000000 0.000000 0.000000 
Flemish     0.000000 0.000000 0.000000 0.000000 0.000000 0.000000 
English     0.000000 0.000000 0.000000 0.000000 0.000000 0.000000 
4
German_ST   0.000000 1.000000 1.000000 0.083330 
PennDutch   1.000000 0.000000 0.312500 1.000000 
English     1.000000 0.312500 0.000000 1.000000 
Sranan      0.083330 1.000000 1.000000 0.000000 
7
German_ST   0.000000 0.222220 0.166670 0.166670 0.166670 0.277780 1.000000 
PennDutch   0.222220 0.000000 0.187500 0.187500 0.187500 0.187500 1.000000 
Dutch       0.166670 0.187500 0.000000 0.000000 0.000000 0.125000 1.000000 
Afrikaans   0.166670 0.187500 0.000000 0.000000 0.000000 0.125000 1.000000 
Flemish     0.166670 0.187500 0.000000 0.000000 0.000000 0.125000 1.000000 
Frisian     0.277780 0.187500 0.125000 0.125000 0.125000 0.000000 1.000000 
English     1.000000 1.000000 1.000000 1.000000 1.000000 1.000000 0.000000 
7
German_ST   0.000000 0.300000 0.111110 0.111110 0.272730 0.111110 1.000000 
PennDutch   0.300000 0.000000 0.181820 0.181820 0.230770 0.181820 1.000000 
Dutch       0.111110 0.181820 0.000000 0.000000 0.166670 0.000000 1.000000 
Afrikaans   0.111110 0.181820 0.000000 0.000000 0.166670 0.000000 1.000000 
Flemish     0.272730 0.230770 0.166670 0.166670 0.000000 0.166670 1.000000 
Frisian     0.111110 0.181820 0.000000 0.000000 0.166670 0.000000 1.000000 
English     1.000000 1.000000 1.000000 1.000000 1.000000 1.000000 0.000000 
6
German_ST   0.000000 0.357140 0.125000 0.125000 0.125000 1.000000 
PennDutch   0.357140 0.000000 0.428570 0.428570 0.428570 1.000000 
Dutch       0.125000 0.428570 0.000000 0.000000 0.000000 1.000000 
Afrikaans   0.125000 0.428570 0.000000 0.000000 0.000000 1.000000 
Flemish     0.125000 0.428570 0.000000 0.000000 0.000000 1.000000 
English     1.000000 1.000000 1.000000 1.000000 1.000000 0.000000 
8
German_ST   0.000000 0.181820 0.100000 0.100000 0.100000 0.100000 0.200000 0.100000 
PennDutch   0.181820 0.000000 0.090910 0.136360 0.090910 0.090910 0.181820 0.090910 
Dutch       0.100000 0.090910 0.000000 0.050000 0.000000 0.000000 0.100000 0.000000 
Afrikaans   0.100000 0.136360 0.050000 0.000000 0.050000 0.050000 0.150000 0.050000 
Flemish     0.100000 0.090910 0.000000 0.050000 0.000000 0.000000 0.100000 0.000000 
Frisian     0.100000 0.090910 0.000000 0.050000 0.000000 0.000000 0.100000 0.000000 
English     0.200000 0.181820 0.100000 0.150000 0.100000 0.100000 0.000000 0.100000 
Sranan      0.100000 0.090910 0.000000 0.050000 0.000000 0.000000 0.100000 0.000000 
8
German_ST   0.000000 0.125000 0.000000 0.000000 0.000000 0.000000 0.125000 0.111110 
PennDutch   0.125000 0.000000 0.125000 0.125000 0.125000 0.125000 0.125000 0.222220 
Dutch       0.000000 0.125000 0.000000 0.000000 0.000000 0.000000 0.125000 0.111110 
Afrikaans   0.000000 0.125000 0.000000 0.000000 0.000000 0.000000 0.125000 0.111110 
Flemish     0.000000 0.125000 0.000000 0.000000 0.000000 0.000000 0.125000 0.111110 
Frisian     0.000000 0.125000 0.000000 0.000000 0.000000 0.000000 0.125000 0.111110 
English     0.125000 0.125000 0.125000 0.125000 0.125000 0.125000 0.000000 0.222220 
Sranan      0.111110 0.222220 0.111110 0.111110 0.111110 0.111110 0.222220 0.000000 
8
German_ST   0.000000 0.222220 0.250000 0.250000 0.250000 0.142860 0.222220 0.375000 
PennDutch   0.222220 0.000000 0.333330 0.333330 0.333330 0.250000 0.000000 0.222220 
Dutch       0.250000 0.333330 0.000000 0.000000 0.000000 0.142860 0.333330 0.375000 
Afrikaans   0.250000 0.333330 0.000000 0.000000 0.000000 0.142860 0.333330 0.375000 
Flemish     0.250000 0.333330 0.000000 0.000000 0.000000 0.142860 0.333330 0.375000 
Frisian     0.142860 0.250000 0.142860 0.142860 0.142860 0.000000 0.250000 0.285710 
English     0.222220 0.000000 0.333330 0.333330 0.333330 0.250000 0.000000 0.222220 
Sranan      0.375000 0.222220 0.375000 0.375000 0.375000 0.285710 0.222220 0.000000 
7
German_ST   0.000000 0.125000 0.142860 0.142860 0.142860 0.142860 0.142860 
PennDutch   0.125000 0.000000 0.142860 0.142860 0.142860 0.142860 0.142860 
Dutch       0.142860 0.142860 0.000000 0.000000 0.000000 0.000000 0.000000 
Afrikaans   0.142860 0.142860 0.000000 0.000000 0.000000 0.000000 0.000000 
Flemish     0.142860 0.142860 0.000000 0.000000 0.000000 0.000000 0.000000 
Frisian     0.142860 0.142860 0.000000 0.000000 0.000000 0.000000 0.000000 
English     0.142860 0.142860 0.000000 0.000000 0.000000 0.000000 0.000000 
8
German_ST   0.000000 0.166670 0.222220 0.222220 0.111110 1.000000 1.000000 0.227270 
PennDutch   0.166670 0.000000 0.187500 0.187500 0.187500 1.000000 1.000000 0.300000 
Dutch       0.222220 0.187500 0.000000 0.000000 0.000000 1.000000 1.000000 0.350000 
Afrikaans   0.222220 0.187500 0.000000 0.000000 0.000000 1.000000 1.000000 0.350000 
Flemish     0.111110 0.187500 0.000000 0.000000 0.000000 1.000000 1.000000 0.250000 
Frisian     1.000000 1.000000 1.000000 1.000000 1.000000 0.000000 1.000000 1.000000 
English     1.000000 1.000000 1.000000 1.000000 1.000000 1.000000 0.000000 1.000000 
Sranan      0.227270 0.300000 0.350000 0.350000 0.250000 1.000000 1.000000 0.000000 
6
German_ST   0.000000 0.107140 0.107140 0.208330 0.107140 0.166670 
PennDutch   0.107140 0.000000 0.178570 0.333330 0.178570 0.291670 
Dutch       0.107140 0.178570 0.000000 0.166670 0.000000 0.250000 
Afrikaans   0.208330 0.333330 0.166670 0.000000 0.166670 0.050000 
Flemish     0.107140 0.178570 0.000000 0.166670 0.000000 0.250000 
Frisian     0.166670 0.291670 0.250000 0.050000 0.250000 0.000000 
8
German_ST   0.000000 0.541665 0.208330 0.604165 0.604165 1.000000 0.166670 1.000000 
PennDutch   0.541665 0.000000 0.604165 0.304165 0.247020 0.500000 0.625000 0.642855 
Dutch       0.208330 0.604165 0.000000 0.500000 0.500000 1.000000 0.166670 1.000000 
Afrikaans   0.604165 0.304165 0.500000 0.000000 0.166665 0.700000 0.583335 0.666665 
Flemish     0.604165 0.247020 0.500000 0.166665 0.000000 0.642855 0.583335 0.500000 
Frisian     1.000000 0.500000 1.000000 0.700000 0.642855 0.000000 1.000000 0.285710 
English     0.166670 0.625000 0.166670 0.583335 0.583335 1.000000 0.000000 1.000000 
Sranan      1.000000 0.642855 1.000000 0.666665 0.500000 0.285710 1.000000 0.000000 
8
German_ST   0.000000 1.000000 0.000000 0.000000 0.000000 0.222220 1.000000 0.111110 
PennDutch   1.000000 0.000000 1.000000 1.000000 1.000000 1.000000 0.000000 1.000000 
Dutch       0.000000 1.000000 0.000000 0.000000 0.000000 0.222220 1.000000 0.111110 
Afrikaans   0.000000 1.000000 0.000000 0.000000 0.000000 0.222220 1.000000 0.111110 
Flemish     0.000000 1.000000 0.000000 0.000000 0.000000 0.222220 1.000000 0.111110 
Frisian     0.222220 1.000000 0.222220 0.222220 0.222220 0.000000 1.000000 0.200000 
English     1.000000 0.000000 1.000000 1.000000 1.000000 1.000000 0.000000 1.000000 
Sranan      0.111110 1.000000 0.111110 0.111110 0.111110 0.200000 1.000000 0.000000 
8
German_ST   0.000000 0.375000 0.125000 0.125000 0.125000 0.454550 0.333330 0.375000 
PennDutch   0.375000 0.000000 0.375000 0.375000 0.375000 0.454550 0.333330 0.375000 
Dutch       0.125000 0.375000 0.000000 0.000000 0.000000 0.545450 0.277780 0.250000 
Afrikaans   0.125000 0.375000 0.000000 0.000000 0.000000 0.545450 0.277780 0.250000 
Flemish     0.125000 0.375000 0.000000 0.000000 0.000000 0.545450 0.277780 0.250000 
Frisian     0.454550 0.454550 0.545450 0.545450 0.545450 0.000000 0.500000 0.545450 
English     0.333330 0.333330 0.277780 0.277780 0.277780 0.500000 0.000000 0.333330 
Sranan      0.375000 0.375000 0.250000 0.250000 0.250000 0.545450 0.333330 0.000000 
8
German_ST   0.000000 0.111110 0.250000 0.250000 0.250000 0.111110 0.000000 0.285710 
PennDutch   0.111110 0.000000 0.222220 0.222220 0.222220 0.100000 0.111110 0.375000 
Dutch       0.250000 0.222220 0.000000 0.000000 0.125000 0.222220 0.250000 0.285710 
Afrikaans   0.250000 0.222220 0.000000 0.000000 0.125000 0.222220 0.250000 0.285710 
Flemish     0.250000 0.222220 0.125000 0.125000 0.000000 0.222220 0.250000 0.142860 
Frisian     0.111110 0.100000 0.222220 0.222220 0.222220 0.000000 0.111110 0.375000 
English     0.000000 0.111110 0.250000 0.250000 0.250000 0.111110 0.000000 0.285710 
Sranan      0.285710 0.375000 0.285710 0.285710 0.142860 0.375000 0.285710 0.000000 
8
German_ST   0.000000 0.000000 0.500000 0.500000 1.000000 1.000000 1.000000 1.000000 
PennDutch   0.000000 0.000000 0.500000 0.500000 1.000000 1.000000 1.000000 1.000000 
Dutch       0.500000 0.500000 0.000000 0.142855 0.555555 0.571430 0.650000 1.000000 
Afrikaans   0.500000 0.500000 0.142855 0.000000 0.687500 0.583335 0.722220 1.000000 
Flemish     1.000000 1.000000 0.555555 0.687500 0.000000 0.250000 0.272730 1.000000 
Frisian     1.000000 1.000000 0.571430 0.583335 0.250000 0.000000 0.444440 1.000000 
English     1.000000 1.000000 0.650000 0.722220 0.272730 0.444440 0.000000 1.000000 
Sranan      1.000000 1.000000 1.000000 1.000000 1.000000 1.000000 1.000000 0.000000 
8
