16
Romanian    0.000000 0.125000 0.333330 0.250000 0.222220 0.250000 0.142860 0.285710 0.285710 0.222220 0.125000 0.222220 0.187500 0.187500 0.187500 0.125000 
Vlach       0.125000 0.000000 0.222220 0.250000 0.222220 0.250000 0.285710 0.142860 0.142860 0.333330 0.250000 0.333330 0.312500 0.312500 0.312500 0.250000 
Italian     0.333330 0.222220 0.000000 0.222220 0.200000 0.333330 0.375000 0.250000 0.250000 0.200000 0.333330 0.200000 0.277780 0.277780 0.277780 0.333330 
Ladin       0.250000 0.250000 0.222220 0.000000 0.250000 0.250000 0.142860 0.142860 0.142860 0.333330 0.250000 0.333330 0.312500 0.312500 0.312500 0.142860 
Provencal   0.222220 0.222220 0.200000 0.250000 0.000000 0.000000 0.142860 0.142860 0.142860 0.200000 0.222220 0.200000 0.166670 0.166670 0.166670 0.142860 
French      0.250000 0.250000 0.333330 0.250000 0.000000 0.000000 0.142860 0.142860 0.142860 0.222220 0.250000 0.222220 0.250000 0.250000 0.250000 0.142860 
Walloon     0.142860 0.285710 0.375000 0.142860 0.142860 0.142860 0.000000 0.166670 0.166670 0.250000 0.142860 0.250000 0.214290 0.214290 0.214290 0.000000 
Creole_C    0.285710 0.142860 0.250000 0.142860 0.142860 0.142860 0.166670 0.000000 0.000000 0.375000 0.285710 0.375000 0.357140 0.357140 0.357140 0.166670 
Creole_D    0.285710 0.142860 0.250000 0.142860 0.142860 0.142860 0.166670 0.000000 0.000000 0.375000 0.285710 0.375000 0.357140 0.357140 0.357140 0.166670 
SardiniaN   0.222220 0.333330 0.200000 0.333330 0.200000 0.222220 0.250000 0.375000 0.375000 0.000000 0.111110 0.000000 0.277780 0.277780 0.277780 0.222220 
SardiniaL   0.125000 0.250000 0.333330 0.250000 0.222220 0.250000 0.142860 0.285710 0.285710 0.111110 0.000000 0.111110 0.187500 0.187500 0.187500 0.125000 
SardiniaC   0.222220 0.333330 0.200000 0.333330 0.200000 0.222220 0.250000 0.375000 0.375000 0.000000 0.111110 0.000000 0.277780 0.277780 0.277780 0.222220 
Spanish     0.187500 0.312500 0.277780 0.312500 0.166670 0.250000 0.214290 0.357140 0.357140 0.277780 0.187500 0.277780 0.000000 0.000000 0.000000 0.187500 
Portugues   0.187500 0.312500 0.277780 0.312500 0.166670 0.250000 0.214290 0.357140 0.357140 0.277780 0.187500 0.277780 0.000000 0.000000 0.000000 0.187500 
Brazilian   0.187500 0.312500 0.277780 0.312500 0.166670 0.250000 0.214290 0.357140 0.357140 0.277780 0.187500 0.277780 0.000000 0.000000 0.000000 0.187500 
Catalan     0.125000 0.250000 0.333330 0.142860 0.142860 0.142860 0.000000 0.166670 0.166670 0.222220 0.125000 0.222220 0.187500 0.187500 0.187500 0.000000 
12
Italian     0.000000 0.000000 0.000000 0.125000 0.125000 0.000000 0.000000 0.000000 0.000000 0.000000 0.000000 0.000000 
Ladin       0.000000 0.000000 0.000000 0.125000 0.125000 0.000000 0.000000 0.000000 0.000000 0.000000 0.000000 0.000000 
Provencal   0.000000 0.000000 0.000000 0.333330 0.333330 0.000000 0.000000 0.000000 0.000000 0.000000 0.000000 0.000000 
French      0.125000 0.125000 0.333330 0.000000 0.000000 0.333330 0.333330 0.333330 0.333330 0.333330 0.333330 0.333330 
Walloon     0.125000 0.125000 0.333330 0.000000 0.000000 0.333330 0.333330 0.333330 0.333330 0.333330 0.333330 0.333330 
Creole_C    0.000000 0.000000 0.000000 0.333330 0.333330 0.000000 0.000000 0.000000 0.000000 0.000000 0.000000 0.000000 
SardiniaN   0.000000 0.000000 0.000000 0.333330 0.333330 0.000000 0.000000 0.000000 0.000000 0.000000 0.000000 0.000000 
SardiniaL   0.000000 0.000000 0.000000 0.333330 0.333330 0.000000 0.000000 0.000000 0.000000 0.000000 0.000000 0.000000 
SardiniaC   0.000000 0.000000 0.000000 0.333330 0.333330 0.000000 0.000000 0.000000 0.000000 0.000000 0.000000 0.000000 
Portugues   0.000000 0.000000 0.000000 0.333330 0.333330 0.000000 0.000000 0.000000 0.000000 0.000000 0.000000 0.000000 
Brazilian   0.000000 0.000000 0.000000 0.333330 0.333330 0.000000 0.000000 0.000000 0.000000 0.000000 0.000000 0.000000 
Catalan     0.000000 0.000000 0.000000 0.333330 0.333330 0.000000 0.000000 0.000000 0.000000 0.000000 0.000000 0.000000 
13
Romanian    0.000000 0.076920 0.000000 0.083330 0.000000 0.250000 0.076920 0.076920 0.076920 0.000000 0.000000 0.000000 0.000000 
Italian     0.076920 0.000000 0.076920 0.153850 0.076920 0.307690 0.000000 0.000000 0.071430 0.076920 0.076920 0.076920 0.076920 
Ladin       0.000000 0.076920 0.000000 0.083330 0.000000 0.250000 0.076920 0.076920 0.076920 0.000000 0.000000 0.000000 0.000000 
Provencal   0.083330 0.153850 0.083330 0.000000 0.083330 0.250000 0.153850 0.153850 0.153850 0.083330 0.083330 0.083330 0.083330 
French      0.000000 0.076920 0.000000 0.083330 0.000000 0.250000 0.076920 0.076920 0.076920 0.000000 0.000000 0.000000 0.000000 
Creole_C    0.250000 0.307690 0.250000 0.250000 0.250000 0.000000 0.307690 0.307690 0.307690 0.250000 0.250000 0.250000 0.250000 
SardiniaN   0.076920 0.000000 0.076920 0.153850 0.076920 0.307690 0.000000 0.000000 0.071430 0.076920 0.076920 0.076920 0.076920 
SardiniaL   0.076920 0.000000 0.076920 0.153850 0.076920 0.307690 0.000000 0.000000 0.071430 0.076920 0.076920 0.076920 0.076920 
SardiniaC   0.076920 0.071430 0.076920 0.153850 0.076920 0.307690 0.071430 0.071430 0.000000 0.076920 0.076920 0.076920 0.076920 
Spanish     0.000000 0.076920 0.000000 0.083330 0.000000 0.250000 0.076920 0.076920 0.076920 0.000000 0.000000 0.000000 0.000000 
Portugues   0.000000 0.076920 0.000000 0.083330 0.000000 0.250000 0.076920 0.076920 0.076920 0.000000 0.000000 0.000000 0.000000 
Brazilian   0.000000 0.076920 0.000000 0.083330 0.000000 0.250000 0.076920 0.076920 0.076920 0.000000 0.000000 0.000000 0.000000 
Catalan     0.000000 0.076920 0.000000 0.083330 0.000000 0.250000 0.076920 0.076920 0.076920 0.000000 0.000000 0.000000 0.000000 
14
Romanian    0.000000 0.083330 0.250000 0.333330 0.250000 0.250000 0.363640 0.423080 0.333330 0.291670 0.125000 0.227270 0.227270 0.166670 
Vlach       0.083330 0.000000 0.166670 0.400000 0.166670 0.166670 0.272730 0.423080 0.416670 0.291670 0.208330 0.318180 0.318180 0.250000 
Italian     0.250000 0.166670 0.000000 0.333330 0.083330 0.083330 0.272730 0.500000 0.416670 0.333330 0.250000 0.363640 0.363640 0.166670 
Ladin       0.333330 0.400000 0.333330 0.000000 0.266670 0.266670 0.428570 0.500000 0.400000 0.466670 0.333330 0.428570 0.428570 0.200000 
Provencal   0.250000 0.166670 0.083330 0.266670 0.000000 0.000000 0.181820 0.500000 0.416670 0.333330 0.250000 0.363640 0.363640 0.083330 
French      0.250000 0.166670 0.083330 0.266670 0.000000 0.000000 0.181820 0.500000 0.416670 0.333330 0.250000 0.363640 0.363640 0.083330 
Walloon     0.363640 0.272730 0.272730 0.428570 0.181820 0.181820 0.000000 0.375000 0.363640 0.272730 0.363640 0.200000 0.200000 0.272730 
SardiniaN   0.423080 0.423080 0.500000 0.500000 0.500000 0.500000 0.375000 0.000000 0.346150 0.346150 0.346150 0.375000 0.375000 0.423080 
SardiniaL   0.333330 0.416670 0.416670 0.400000 0.416670 0.416670 0.363640 0.346150 0.000000 0.416670 0.333330 0.272730 0.272730 0.333330 
SardiniaC   0.291670 0.291670 0.333330 0.466670 0.333330 0.333330 0.272730 0.346150 0.416670 0.000000 0.166670 0.181820 0.181820 0.333330 
Spanish     0.125000 0.208330 0.250000 0.333330 0.250000 0.250000 0.363640 0.346150 0.333330 0.166670 0.000000 0.181820 0.181820 0.166670 
Portugues   0.227270 0.318180 0.363640 0.428570 0.363640 0.363640 0.200000 0.375000 0.272730 0.181820 0.181820 0.000000 0.000000 0.272730 
Brazilian   0.227270 0.318180 0.363640 0.428570 0.363640 0.363640 0.200000 0.375000 0.272730 0.181820 0.181820 0.000000 0.000000 0.272730 
Catalan     0.166670 0.250000 0.166670 0.200000 0.083330 0.083330 0.272730 0.423080 0.333330 0.333330 0.166670 0.272730 0.272730 0.000000 
14
Vlach       0.000000 0.000000 0.000000 0.000000 0.000000 0.000000 0.000000 0.000000 0.000000 0.000000 0.000000 0.000000 1.000000 0.500000 
Italian     0.000000 0.000000 0.000000 0.000000 0.000000 0.000000 0.000000 0.000000 0.000000 0.000000 0.000000 0.000000 1.000000 0.500000 
Ladin       0.000000 0.000000 0.000000 0.000000 0.000000 0.000000 0.000000 0.000000 0.000000 0.000000 0.000000 0.000000 1.000000 0.500000 
Provencal   0.000000 0.000000 0.000000 0.000000 0.000000 0.000000 0.000000 0.000000 0.000000 0.000000 0.000000 0.000000 1.000000 0.500000 
French      0.000000 0.000000 0.000000 0.000000 0.000000 0.000000 0.000000 0.000000 0.000000 0.000000 0.000000 0.000000 1.000000 0.500000 
Walloon     0.000000 0.000000 0.000000 0.000000 0.000000 0.000000 0.000000 0.000000 0.000000 0.000000 0.000000 0.000000 1.000000 0.500000 
Creole_C    0.000000 0.000000 0.000000 0.000000 0.000000 0.000000 0.000000 0.000000 0.000000 0.000000 0.000000 0.000000 1.000000 0.500000 
Creole_D    0.000000 0.000000 0.000000 0.000000 0.000000 0.000000 0.000000 0.000000 0.000000 0.000000 0.000000 0.000000 1.000000 0.500000 
SardiniaN   0.000000 0.000000 0.000000 0.000000 0.000000 0.000000 0.000000 0.000000 0.000000 0.000000 0.000000 0.000000 1.000000 0.500000 
SardiniaL   0.000000 0.000000 0.000000 0.000000 0.000000 0.000000 0.000000 0.000000 0.000000 0.000000 0.000000 0.000000 1.000000 0.500000 
SardiniaC   0.000000 0.000000 0.000000 0.000000 0.000000 0.000000 0.000000 0.000000 0.000000 0.000000 0.000000 0.000000 1.000000 0.500000 
Spanish     0.000000 0.000000 0.000000 0.000000 0.000000 0.000000 0.000000 0.000000 0.000000 0.000000 0.000000 0.000000 1.000000 0.500000 
Portugues   1.000000 1.000000 1.000000 1.000000 1.000000 1.000000 1.000000 1.000000 1.000000 1.000000 1.000000 1.000000 0.000000 0.625000 
Brazilian   0.500000 0.500000 0.500000 0.500000 0.500000 0.500000 0.500000 0.500000 0.500000 0.500000 0.500000 0.500000 0.625000 0.000000 
12
Romanian    0.000000 1.000000 0.250000 0.142860 0.000000 0.000000 0.200000 0.200000 0.250000 1.000000 0.250000 0.250000 
Vlach       1.000000 0.000000 1.000000 1.000000 1.000000 1.000000 1.000000 1.000000 1.000000 1.000000 1.000000 1.000000 
Italian     0.250000 1.000000 0.000000 0.111110 0.250000 0.250000 0.428570 0.428570 0.100000 1.000000 0.100000 0.100000 
Ladin       0.142860 1.000000 0.111110 0.000000 0.142860 0.142860 0.333330 0.333330 0.222220 1.000000 0.222220 0.222220 
Provencal   0.000000 1.000000 0.250000 0.142860 0.000000 0.000000 0.200000 0.200000 0.250000 1.000000 0.250000 0.250000 
French      0.000000 1.000000 0.250000 0.142860 0.000000 0.000000 0.200000 0.200000 0.250000 1.000000 0.250000 0.250000 
Creole_C    0.200000 1.000000 0.428570 0.333330 0.200000 0.200000 0.000000 0.000000 0.428570 1.000000 0.428570 0.428570 
Creole_D    0.200000 1.000000 0.428570 0.333330 0.200000 0.200000 0.000000 0.000000 0.428570 1.000000 0.428570 0.428570 
SardiniaL   0.250000 1.000000 0.100000 0.222220 0.250000 0.250000 0.428570 0.428570 0.000000 1.000000 0.000000 0.000000 
SardiniaC   1.000000 1.000000 1.000000 1.000000 1.000000 1.000000 1.000000 1.000000 1.000000 0.000000 1.000000 1.000000 
Spanish     0.250000 1.000000 0.100000 0.222220 0.250000 0.250000 0.428570 0.428570 0.000000 1.000000 0.000000 0.000000 
Portugues   0.250000 1.000000 0.100000 0.222220 0.250000 0.250000 0.428570 0.428570 0.000000 1.000000 0.000000 0.000000 
13
Ladin       0.000000 0.555560 0.600000 0.166670 0.428570 0.428570 0.285710 0.285710 0.285710 0.166670 0.333330 0.333330 0.166670 
Provencal   0.555560 0.000000 0.307690 0.444440 0.500000 0.500000 0.400000 0.400000 0.400000 0.444440 0.444440 0.444440 0.444440 
French      0.600000 0.307690 0.000000 0.500000 0.454550 0.454550 0.454550 0.454550 0.454550 0.500000 0.500000 0.400000 0.500000 
Walloon     0.166670 0.444440 0.500000 0.000000 0.428570 0.428570 0.142860 0.142860 0.142860 0.000000 0.166670 0.166670 0.000000 
Creole_C    0.428570 0.500000 0.454550 0.428570 0.000000 0.000000 0.375000 0.375000 0.375000 0.428570 0.428570 0.428570 0.428570 
Creole_D    0.428570 0.500000 0.454550 0.428570 0.000000 0.000000 0.375000 0.375000 0.375000 0.428570 0.428570 0.428570 0.428570 
SardiniaN   0.285710 0.400000 0.454550 0.142860 0.375000 0.375000 0.000000 0.000000 0.000000 0.142860 0.285710 0.142860 0.142860 
SardiniaL   0.285710 0.400000 0.454550 0.142860 0.375000 0.375000 0.000000 0.000000 0.000000 0.142860 0.285710 0.142860 0.142860 
SardiniaC   0.285710 0.400000 0.454550 0.142860 0.375000 0.375000 0.000000 0.000000 0.000000 0.142860 0.285710 0.142860 0.142860 
Spanish     0.166670 0.444440 0.500000 0.000000 0.428570 0.428570 0.142860 0.142860 0.142860 0.000000 0.166670 0.166670 0.000000 
Portugues   0.333330 0.444440 0.500000 0.166670 0.428570 0.428570 0.285710 0.285710 0.285710 0.166670 0.000000 0.166670 0.166670 
Brazilian   0.333330 0.444440 0.400000 0.166670 0.428570 0.428570 0.142860 0.142860 0.142860 0.166670 0.166670 0.000000 0.166670 
Catalan     0.166670 0.444440 0.500000 0.000000 0.428570 0.428570 0.142860 0.142860 0.142860 0.000000 0.166670 0.166670 0.000000 
13
Romanian    0.000000 1.000000 0.153850 0.153850 1.000000 0.307690 0.233330 0.214290 0.500000 0.285710 0.285710 0.285710 0.285710 
Vlach       1.000000 0.000000 1.000000 1.000000 1.000000 1.000000 1.000000 1.000000 1.000000 1.000000 1.000000 1.000000 1.000000 
Italian     0.153850 1.000000 0.000000 0.000000 1.000000 0.250000 0.250000 0.076920 0.363640 0.187500 0.187500 0.187500 0.230770 
Ladin       0.153850 1.000000 0.000000 0.000000 1.000000 0.250000 0.250000 0.076920 0.363640 0.230770 0.307690 0.307690 0.230770 
Provencal   1.000000 1.000000 1.000000 1.000000 0.000000 1.000000 1.000000 1.000000 1.000000 1.000000 1.000000 1.000000 1.000000 
French      0.307690 1.000000 0.250000 0.250000 1.000000 0.000000 0.392860 0.307690 0.454550 0.307690 0.307690 0.250000 0.230770 
SardiniaN   0.233330 1.000000 0.250000 0.250000 1.000000 0.392860 0.000000 0.166670 0.461540 0.300000 0.300000 0.300000 0.300000 
SardiniaL   0.214290 1.000000 0.076920 0.076920 1.000000 0.307690 0.166670 0.000000 0.416670 0.285710 0.357140 0.357140 0.214290 
SardiniaC   0.500000 1.000000 0.363640 0.363640 1.000000 0.454550 0.461540 0.416670 0.000000 0.375000 0.450000 0.409090 0.458330 
Spanish     0.285710 1.000000 0.187500 0.230770 1.000000 0.307690 0.300000 0.285710 0.375000 0.000000 0.142860 0.142860 0.357140 
Portugues   0.285710 1.000000 0.187500 0.307690 1.000000 0.307690 0.300000 0.357140 0.450000 0.142860 0.000000 0.000000 0.428570 
Brazilian   0.285710 1.000000 0.187500 0.307690 1.000000 0.250000 0.300000 0.357140 0.409090 0.142860 0.000000 0.000000 0.384620 
Catalan     0.285710 1.000000 0.230770 0.230770 1.000000 0.230770 0.300000 0.214290 0.458330 0.357140 0.428570 0.384620 0.000000 
12
Italian     0.000000 0.633335 0.312500 0.333330 0.392860 0.777780 0.555560 0.272730 0.208330 0.208330 0.208330 0.208330 
Ladin       0.633335 0.000000 0.644735 0.652780 0.691175 0.523810 0.791665 0.732145 0.716665 0.716665 0.716665 0.716665 
Provencal   0.312500 0.644735 0.000000 0.157890 0.277780 0.846155 0.692310 0.366670 0.312500 0.312500 0.312500 0.250000 
French      0.333330 0.652780 0.157890 0.000000 0.117650 0.833335 0.583330 0.392860 0.266670 0.266670 0.266670 0.266670 
Walloon     0.392860 0.691175 0.277780 0.117650 0.000000 0.818180 0.545450 0.500000 0.357140 0.357140 0.357140 0.285710 
Creole_C    0.777780 0.523810 0.846155 0.833335 0.818180 0.000000 0.500000 0.750000 0.777780 0.777780 0.777780 0.777780 
Creole_D    0.555560 0.791665 0.692310 0.583330 0.545450 0.500000 0.000000 0.500000 0.555560 0.555560 0.555560 0.555560 
SardiniaN   0.272730 0.732145 0.366670 0.392860 0.500000 0.750000 0.500000 0.000000 0.272730 0.272730 0.272730 0.227270 
Spanish     0.208330 0.716665 0.312500 0.266670 0.357140 0.777780 0.555560 0.272730 0.000000 0.000000 0.000000 0.166670 
Portugues   0.208330 0.716665 0.312500 0.266670 0.357140 0.777780 0.555560 0.272730 0.000000 0.000000 0.000000 0.166670 
Brazilian   0.208330 0.716665 0.312500 0.266670 0.357140 0.777780 0.555560 0.272730 0.000000 0.000000 0.000000 0.166670 
Catalan     0.208330 0.716665 0.250000 0.266670 0.285710 0.777780 0.555560 0.227270 0.166670 0.166670 0.166670 0.000000 
12
Italian     0.000000 0.307690 0.000000 0.000000 0.181820 0.444440 0.090910 0.083330 0.076920 0.000000 0.000000 0.000000 
Ladin       0.307690 0.000000 0.307690 0.307690 0.166670 0.400000 0.416670 0.384620 0.285710 0.307690 0.307690 0.307690 
Provencal   0.000000 0.307690 0.000000 0.000000 0.181820 0.444440 0.090910 0.083330 0.076920 0.000000 0.000000 0.000000 
French      0.000000 0.307690 0.000000 0.000000 0.181820 0.444440 0.090910 0.083330 0.076920 0.000000 0.000000 0.000000 
Walloon     0.181820 0.166670 0.181820 0.181820 0.000000 0.375000 0.300000 0.272730 0.166670 0.181820 0.181820 0.181820 
Creole_C    0.444440 0.400000 0.444440 0.444440 0.375000 0.000000 0.500000 0.555560 0.500000 0.444440 0.444440 0.444440 
SardiniaN   0.090910 0.416670 0.090910 0.090910 0.300000 0.500000 0.000000 0.090910 0.166670 0.090910 0.090910 0.090910 
SardiniaL   0.083330 0.384620 0.083330 0.083330 0.272730 0.555560 0.090910 0.000000 0.153850 0.083330 0.083330 0.083330 
Spanish     0.076920 0.285710 0.076920 0.076920 0.166670 0.500000 0.166670 0.153850 0.000000 0.076920 0.076920 0.076920 
Portugues   0.000000 0.307690 0.000000 0.000000 0.181820 0.444440 0.090910 0.083330 0.076920 0.000000 0.000000 0.000000 
Brazilian   0.000000 0.307690 0.000000 0.000000 0.181820 0.444440 0.090910 0.083330 0.076920 0.000000 0.000000 0.000000 
Catalan     0.000000 0.307690 0.000000 0.000000 0.181820 0.444440 0.090910 0.083330 0.076920 0.000000 0.000000 0.000000 
11
Italian     0.000000 0.090910 0.400000 0.090910 0.090910 0.500000 0.444440 0.000000 0.000000 0.000000 0.200000 
Ladin       0.090910 0.000000 0.333330 0.000000 0.000000 0.444440 0.375000 0.090910 0.090910 0.090910 0.111110 
Provencal   0.400000 0.333330 0.000000 0.333330 0.333330 0.285710 0.285710 0.400000 0.400000 0.400000 0.250000 
French      0.090910 0.000000 0.333330 0.000000 0.000000 0.444440 0.375000 0.090910 0.090910 0.090910 0.111110 
Walloon     0.090910 0.000000 0.333330 0.000000 0.000000 0.444440 0.375000 0.090910 0.090910 0.090910 0.111110 
Creole_C    0.500000 0.444440 0.285710 0.444440 0.444440 0.000000 0.142860 0.500000 0.500000 0.500000 0.375000 
Creole_D    0.444440 0.375000 0.285710 0.375000 0.375000 0.142860 0.000000 0.444440 0.444440 0.444440 0.285710 
Spanish     0.000000 0.090910 0.400000 0.090910 0.090910 0.500000 0.444440 0.000000 0.000000 0.000000 0.200000 
Portugues   0.000000 0.090910 0.400000 0.090910 0.090910 0.500000 0.444440 0.000000 0.000000 0.000000 0.200000 
Brazilian   0.000000 0.090910 0.400000 0.090910 0.090910 0.500000 0.444440 0.000000 0.000000 0.000000 0.200000 
Catalan     0.200000 0.111110 0.250000 0.111110 0.111110 0.375000 0.285710 0.200000 0.200000 0.200000 0.000000 
16
Romanian    0.000000 1.000000 1.000000 1.000000 1.000000 1.000000 1.000000 1.000000 1.000000 1.000000 1.000000 1.000000 0.583335 1.000000 1.000000 1.000000 
Vlach       1.000000 0.000000 1.000000 1.000000 1.000000 1.000000 1.000000 1.000000 1.000000 0.538460 0.454550 0.454550 1.000000 1.000000 1.000000 1.000000 
Italian     1.000000 1.000000 0.000000 0.461540 0.416670 0.461540 0.545450 0.416670 0.416670 1.000000 1.000000 1.000000 0.800000 0.600000 0.600000 0.230770 
Ladin       1.000000 1.000000 0.461540 0.000000 0.454550 0.416670 0.400000 0.545450 0.545450 1.000000 1.000000 1.000000 0.777780 0.555560 0.555560 0.500000 
Provencal   1.000000 1.000000 0.416670 0.454550 0.000000 0.363640 0.333330 0.500000 0.500000 1.000000 1.000000 1.000000 0.687500 0.375000 0.375000 0.181820 
French      1.000000 1.000000 0.461540 0.416670 0.363640 0.000000 0.400000 0.454550 0.454550 1.000000 1.000000 1.000000 0.777780 0.555560 0.555560 0.416670 
Walloon     1.000000 1.000000 0.545450 0.400000 0.333330 0.400000 0.000000 0.555560 0.555560 1.000000 1.000000 1.000000 0.714285 0.428570 0.428570 0.400000 
Creole_C    1.000000 1.000000 0.416670 0.545450 0.500000 0.454550 0.555560 0.000000 0.000000 1.000000 1.000000 1.000000 0.718750 0.437500 0.437500 0.454550 
Creole_D    1.000000 1.000000 0.416670 0.545450 0.500000 0.454550 0.555560 0.000000 0.000000 1.000000 1.000000 1.000000 0.718750 0.437500 0.437500 0.454550 
SardiniaN   1.000000 0.538460 1.000000 1.000000 1.000000 1.000000 1.000000 1.000000 1.000000 0.000000 0.250000 0.375000 1.000000 1.000000 1.000000 1.000000 
SardiniaL   1.000000 0.454550 1.000000 1.000000 1.000000 1.000000 1.000000 1.000000 1.000000 0.250000 0.000000 0.285710 1.000000 1.000000 1.000000 1.000000 
SardiniaC   1.000000 0.454550 1.000000 1.000000 1.000000 1.000000 1.000000 1.000000 1.000000 0.375000 0.285710 0.000000 1.000000 1.000000 1.000000 1.000000 
Spanish     0.583335 1.000000 0.800000 0.777780 0.687500 0.777780 0.714285 0.718750 0.718750 1.000000 1.000000 1.000000 0.000000 0.500000 0.500000 0.722220 
Portugues   1.000000 1.000000 0.600000 0.555560 0.375000 0.555560 0.428570 0.437500 0.437500 1.000000 1.000000 1.000000 0.500000 0.000000 0.000000 0.444440 
Brazilian   1.000000 1.000000 0.600000 0.555560 0.375000 0.555560 0.428570 0.437500 0.437500 1.000000 1.000000 1.000000 0.500000 0.000000 0.000000 0.444440 
Catalan     1.000000 1.000000 0.230770 0.500000 0.181820 0.416670 0.400000 0.454550 0.454550 1.000000 1.000000 1.000000 0.722220 0.444440 0.444440 0.000000 
15
Romanian    0.000000 0.222220 0.666665 0.100000 0.333330 0.222220 0.500000 0.500000 0.272730 0.272730 0.272730 0.100000 0.100000 0.100000 0.100000 
Italian     0.222220 0.000000 0.687500 0.222220 0.375000 0.250000 0.428570 0.428570 0.400000 0.400000 0.400000 0.111110 0.111110 0.111110 0.222220 
Ladin       0.666665 0.687500 0.000000 0.666665 0.562500 0.625000 0.714285 0.714285 0.750000 0.750000 0.750000 0.666665 0.666665 0.666665 0.666665 
Provencal   0.100000 0.222220 0.666665 0.000000 0.333330 0.222220 0.375000 0.375000 0.363640 0.363640 0.363640 0.100000 0.100000 0.100000 0.000000 
French      0.333330 0.375000 0.562500 0.333330 0.000000 0.250000 0.428570 0.428570 0.500000 0.500000 0.500000 0.333330 0.333330 0.333330 0.333330 
Walloon     0.222220 0.250000 0.625000 0.222220 0.250000 0.000000 0.428570 0.428570 0.400000 0.400000 0.400000 0.222220 0.222220 0.222220 0.222220 
Creole_C    0.500000 0.428570 0.714285 0.375000 0.428570 0.428570 0.000000 0.000000 0.444440 0.444440 0.444440 0.500000 0.500000 0.500000 0.375000 
Creole_D    0.500000 0.428570 0.714285 0.375000 0.428570 0.428570 0.000000 0.000000 0.444440 0.444440 0.444440 0.500000 0.500000 0.500000 0.375000 
SardiniaN   0.272730 0.400000 0.750000 0.363640 0.500000 0.400000 0.444440 0.444440 0.000000 0.000000 0.000000 0.363640 0.363640 0.363640 0.363640 
SardiniaL   0.272730 0.400000 0.750000 0.363640 0.500000 0.400000 0.444440 0.444440 0.000000 0.000000 0.000000 0.363640 0.363640 0.363640 0.363640 
SardiniaC   0.272730 0.400000 0.750000 0.363640 0.500000 0.400000 0.444440 0.444440 0.000000 0.000000 0.000000 0.363640 0.363640 0.363640 0.363640 
Spanish     0.100000 0.111110 0.666665 0.100000 0.333330 0.222220 0.500000 0.500000 0.363640 0.363640 0.363640 0.000000 0.000000 0.000000 0.100000 
Portugues   0.100000 0.111110 0.666665 0.100000 0.333330 0.222220 0.500000 0.500000 0.363640 0.363640 0.363640 0.000000 0.000000 0.000000 0.100000 
Brazilian   0.100000 0.111110 0.666665 0.100000 0.333330 0.222220 0.500000 0.500000 0.363640 0.363640 0.363640 0.000000 0.000000 0.000000 0.100000 
Catalan     0.100000 0.222220 0.666665 0.000000 0.333330 0.222220 0.375000 0.375000 0.363640 0.363640 0.363640 0.100000 0.100000 0.100000 0.000000 
16
Romanian    0.000000 0.150000 0.181820 0.300000 0.222220 0.222220 0.125000 0.571430 0.571430 0.416670 0.416670 0.384620 0.181820 0.181820 0.181820 0.300000 
Vlach       0.150000 0.000000 0.272730 0.400000 0.333330 0.333330 0.225000 0.571430 0.571430 0.416670 0.416670 0.461540 0.272730 0.272730 0.272730 0.300000 
Italian     0.181820 0.272730 0.000000 0.272730 0.200000 0.200000 0.204550 0.500000 0.500000 0.307690 0.307690 0.214290 0.083330 0.000000 0.000000 0.272730 
Ladin       0.300000 0.400000 0.272730 0.000000 0.111110 0.111110 0.300000 0.428570 0.428570 0.416670 0.333330 0.307690 0.272730 0.272730 0.272730 0.300000 
Provencal   0.222220 0.333330 0.200000 0.111110 0.000000 0.000000 0.222220 0.333330 0.333330 0.454550 0.363640 0.333330 0.200000 0.200000 0.200000 0.222220 
French      0.222220 0.333330 0.200000 0.111110 0.000000 0.000000 0.222220 0.333330 0.333330 0.454550 0.363640 0.333330 0.200000 0.200000 0.200000 0.222220 
Walloon     0.125000 0.225000 0.204550 0.300000 0.222220 0.222220 0.000000 0.464290 0.464290 0.437500 0.437500 0.326920 0.204550 0.204550 0.204550 0.225000 
Creole_C    0.571430 0.571430 0.500000 0.428570 0.333330 0.333330 0.464290 0.000000 0.000000 0.555560 0.555560 0.600000 0.500000 0.500000 0.500000 0.428570 
Creole_D    0.571430 0.571430 0.500000 0.428570 0.333330 0.333330 0.464290 0.000000 0.000000 0.555560 0.555560 0.600000 0.500000 0.500000 0.500000 0.428570 
SardiniaN   0.416670 0.416670 0.307690 0.416670 0.454550 0.454550 0.437500 0.555560 0.555560 0.000000 0.071430 0.400000 0.307690 0.307690 0.307690 0.416670 
SardiniaL   0.416670 0.416670 0.307690 0.333330 0.363640 0.363640 0.437500 0.555560 0.555560 0.071430 0.000000 0.333330 0.307690 0.307690 0.307690 0.416670 
SardiniaC   0.384620 0.461540 0.214290 0.307690 0.333330 0.333330 0.326920 0.600000 0.600000 0.400000 0.333330 0.000000 0.285710 0.214290 0.214290 0.384620 
Spanish     0.181820 0.272730 0.083330 0.272730 0.200000 0.200000 0.204550 0.500000 0.500000 0.307690 0.307690 0.285710 0.000000 0.083330 0.083330 0.272730 
Portugues   0.181820 0.272730 0.000000 0.272730 0.200000 0.200000 0.204550 0.500000 0.500000 0.307690 0.307690 0.214290 0.083330 0.000000 0.000000 0.272730 
Brazilian   0.181820 0.272730 0.000000 0.272730 0.200000 0.200000 0.204550 0.500000 0.500000 0.307690 0.307690 0.214290 0.083330 0.000000 0.000000 0.272730 
Catalan     0.300000 0.300000 0.272730 0.300000 0.222220 0.222220 0.225000 0.428570 0.428570 0.416670 0.416670 0.384620 0.272730 0.272730 0.272730 0.000000 
16
Romanian    0.000000 0.000000 0.333330 0.200000 0.000000 0.000000 0.400000 0.500000 0.200000 0.333330 0.333330 0.333330 0.571430 0.333330 0.333330 0.000000 
Vlach       0.000000 0.000000 0.333330 0.200000 0.000000 0.000000 0.400000 0.500000 0.200000 0.333330 0.333330 0.333330 0.571430 0.333330 0.333330 0.000000 
Italian     0.333330 0.333330 0.000000 0.142860 0.272730 0.333330 0.428570 0.416670 0.428570 0.125000 0.125000 0.125000 0.333330 0.000000 0.000000 0.333330 
Ladin       0.200000 0.200000 0.142860 0.000000 0.200000 0.200000 0.333330 0.500000 0.333330 0.142860 0.142860 0.142860 0.500000 0.142860 0.142860 0.200000 
Provencal   0.000000 0.000000 0.272730 0.200000 0.000000 0.000000 0.400000 0.500000 0.200000 0.333330 0.333330 0.333330 0.333330 0.272730 0.272730 0.000000 
French      0.000000 0.000000 0.333330 0.200000 0.000000 0.000000 0.400000 0.500000 0.200000 0.333330 0.333330 0.333330 0.571430 0.333330 0.333330 0.000000 
Walloon     0.400000 0.400000 0.428570 0.333330 0.400000 0.400000 0.000000 0.600000 0.500000 0.428570 0.428570 0.428570 0.500000 0.428570 0.428570 0.400000 
Creole_C    0.500000 0.500000 0.416670 0.500000 0.500000 0.500000 0.600000 0.000000 0.200000 0.583330 0.583330 0.583330 0.500000 0.416670 0.416670 0.500000 
Creole_D    0.200000 0.200000 0.428570 0.333330 0.200000 0.200000 0.500000 0.200000 0.000000 0.428570 0.428570 0.428570 0.500000 0.428570 0.428570 0.200000 
SardiniaN   0.333330 0.333330 0.125000 0.142860 0.333330 0.333330 0.428570 0.583330 0.428570 0.000000 0.000000 0.000000 0.444440 0.125000 0.125000 0.333330 
SardiniaL   0.333330 0.333330 0.125000 0.142860 0.333330 0.333330 0.428570 0.583330 0.428570 0.000000 0.000000 0.000000 0.444440 0.125000 0.125000 0.333330 
SardiniaC   0.333330 0.333330 0.125000 0.142860 0.333330 0.333330 0.428570 0.583330 0.428570 0.000000 0.000000 0.000000 0.444440 0.125000 0.125000 0.333330 
Spanish     0.571430 0.571430 0.333330 0.500000 0.333330 0.571430 0.500000 0.500000 0.500000 0.444440 0.444440 0.444440 0.000000 0.333330 0.333330 0.571430 
Portugues   0.333330 0.333330 0.000000 0.142860 0.272730 0.333330 0.428570 0.416670 0.428570 0.125000 0.125000 0.125000 0.333330 0.000000 0.000000 0.333330 
Brazilian   0.333330 0.333330 0.000000 0.142860 0.272730 0.333330 0.428570 0.416670 0.428570 0.125000 0.125000 0.125000 0.333330 0.000000 0.000000 0.333330 
Catalan     0.000000 0.000000 0.333330 0.200000 0.000000 0.000000 0.400000 0.500000 0.200000 0.333330 0.333330 0.333330 0.571430 0.333330 0.333330 0.000000 
10
Italian     0.000000 0.437500 0.533330 0.533330 0.500000 0.615380 0.615380 1.000000 1.000000 1.000000 
Ladin       0.437500 0.000000 0.153850 0.153850 0.250000 0.454550 0.454550 1.000000 1.000000 1.000000 
Provencal   0.533330 0.153850 0.000000 0.000000 0.090910 0.400000 0.400000 1.000000 1.000000 1.000000 
French      0.533330 0.153850 0.000000 0.000000 0.090910 0.400000 0.400000 1.000000 1.000000 1.000000 
Walloon     0.500000 0.250000 0.090910 0.090910 0.000000 0.444440 0.444440 1.000000 1.000000 1.000000 
Creole_C    0.615380 0.454550 0.400000 0.400000 0.444440 0.000000 0.000000 1.000000 1.000000 1.000000 
Creole_D    0.615380 0.454550 0.400000 0.400000 0.444440 0.000000 0.000000 1.000000 1.000000 1.000000 
Spanish     1.000000 1.000000 1.000000 1.000000 1.000000 1.000000 1.000000 0.000000 0.200000 0.142860 
Portugues   1.000000 1.000000 1.000000 1.000000 1.000000 1.000000 1.000000 0.200000 0.000000 0.333330 
Catalan     1.000000 1.000000 1.000000 1.000000 1.000000 1.000000 1.000000 0.142860 0.333330 0.000000 
16
Romanian    0.000000 0.250000 0.428570 0.500000 0.428570 0.500000 0.555560 0.428570 0.428570 0.428570 0.333330 0.333330 0.428570 0.500000 0.500000 0.375000 
Vlach       0.250000 0.000000 0.363640 0.400000 0.333330 0.400000 0.409090 0.333330 0.444440 0.444440 0.500000 0.375000 0.444440 0.400000 0.400000 0.400000 
Italian     0.428570 0.363640 0.000000 0.090910 0.300000 0.222220 0.300000 0.375000 0.375000 0.125000 0.142860 0.285710 0.000000 0.222220 0.222220 0.090910 
Ladin       0.500000 0.400000 0.090910 0.000000 0.333330 0.300000 0.363640 0.444440 0.388890 0.333330 0.375000 0.375000 0.333330 0.200000 0.200000 0.200000 
Provencal   0.428570 0.333330 0.300000 0.333330 0.000000 0.444440 0.400000 0.250000 0.375000 0.375000 0.285710 0.428570 0.375000 0.333330 0.333330 0.222220 
French      0.500000 0.400000 0.222220 0.300000 0.444440 0.000000 0.272730 0.333330 0.333330 0.111110 0.250000 0.375000 0.222220 0.300000 0.300000 0.300000 
Walloon     0.555560 0.409090 0.300000 0.363640 0.400000 0.272730 0.000000 0.500000 0.500000 0.300000 0.333330 0.388890 0.300000 0.272730 0.272730 0.363640 
Creole_C    0.428570 0.333330 0.375000 0.444440 0.250000 0.333330 0.500000 0.000000 0.125000 0.375000 0.428570 0.428570 0.375000 0.444440 0.444440 0.444440 
Creole_D    0.428570 0.444440 0.375000 0.388890 0.375000 0.333330 0.500000 0.125000 0.000000 0.375000 0.428570 0.428570 0.375000 0.388890 0.388890 0.388890 
SardiniaN   0.428570 0.444440 0.125000 0.333330 0.375000 0.111110 0.300000 0.375000 0.375000 0.000000 0.142860 0.285710 0.125000 0.222220 0.222220 0.333330 
SardiniaL   0.333330 0.500000 0.142860 0.375000 0.285710 0.250000 0.333330 0.428570 0.428570 0.142860 0.000000 0.166670 0.142860 0.250000 0.250000 0.375000 
SardiniaC   0.333330 0.375000 0.285710 0.375000 0.428570 0.375000 0.388890 0.428570 0.428570 0.285710 0.166670 0.000000 0.285710 0.375000 0.375000 0.375000 
Spanish     0.428570 0.444440 0.000000 0.333330 0.375000 0.222220 0.300000 0.375000 0.375000 0.125000 0.142860 0.285710 0.000000 0.222220 0.222220 0.333330 
Portugues   0.500000 0.400000 0.222220 0.200000 0.333330 0.300000 0.272730 0.444440 0.388890 0.222220 0.250000 0.375000 0.222220 0.000000 0.000000 0.200000 
Brazilian   0.500000 0.400000 0.222220 0.200000 0.333330 0.300000 0.272730 0.444440 0.388890 0.222220 0.250000 0.375000 0.222220 0.000000 0.000000 0.200000 
Catalan     0.375000 0.400000 0.090910 0.200000 0.222220 0.300000 0.363640 0.444440 0.388890 0.333330 0.375000 0.375000 0.333330 0.200000 0.200000 0.000000 
14
Italian     0.000000 0.272730 0.333330 0.272730 0.181820 0.350000 0.350000 0.250000 0.250000 0.363640 0.300000 0.300000 0.300000 0.250000 
Ladin       0.272730 0.000000 0.375000 0.100000 0.200000 0.388890 0.388890 0.318180 0.318180 0.300000 0.222220 0.222220 0.222220 0.277780 
Provencal   0.333330 0.375000 0.000000 0.375000 0.250000 0.285710 0.285710 0.444440 0.444440 0.375000 0.285710 0.285710 0.285710 0.142860 
French      0.272730 0.100000 0.375000 0.000000 0.200000 0.388890 0.388890 0.318180 0.318180 0.300000 0.222220 0.222220 0.222220 0.277780 
Walloon     0.181820 0.200000 0.250000 0.200000 0.000000 0.277780 0.277780 0.318180 0.318180 0.300000 0.333330 0.333330 0.333330 0.166670 
Creole_C    0.350000 0.388890 0.285710 0.388890 0.277780 0.000000 0.000000 0.400000 0.400000 0.444440 0.375000 0.375000 0.375000 0.125000 
Creole_D    0.350000 0.388890 0.285710 0.388890 0.277780 0.000000 0.000000 0.400000 0.400000 0.444440 0.375000 0.375000 0.375000 0.125000 
SardiniaN   0.250000 0.318180 0.444440 0.318180 0.318180 0.400000 0.400000 0.000000 0.000000 0.181820 0.300000 0.300000 0.300000 0.300000 
SardiniaL   0.250000 0.318180 0.444440 0.318180 0.318180 0.400000 0.400000 0.000000 0.000000 0.181820 0.300000 0.300000 0.300000 0.300000 
SardiniaC   0.363640 0.300000 0.375000 0.300000 0.300000 0.444440 0.444440 0.181820 0.181820 0.000000 0.222220 0.222220 0.222220 0.333330 
Spanish     0.300000 0.222220 0.285710 0.222220 0.333330 0.375000 0.375000 0.300000 0.300000 0.222220 0.000000 0.000000 0.000000 0.250000 
Portugues   0.300000 0.222220 0.285710 0.222220 0.333330 0.375000 0.375000 0.300000 0.300000 0.222220 0.000000 0.000000 0.000000 0.250000 
Brazilian   0.300000 0.222220 0.285710 0.222220 0.333330 0.375000 0.375000 0.300000 0.300000 0.222220 0.000000 0.000000 0.000000 0.250000 
Catalan     0.250000 0.277780 0.142860 0.277780 0.166670 0.125000 0.125000 0.300000 0.300000 0.333330 0.250000 0.250000 0.250000 0.000000 
16
Romanian    0.000000 0.400000 0.625000 1.000000 0.666670 0.666670 0.666670 0.250000 0.250000 1.000000 1.000000 1.000000 1.000000 1.000000 1.000000 1.000000 
Vlach       0.400000 0.000000 0.666670 1.000000 0.428570 0.428570 0.571430 0.200000 0.200000 1.000000 1.000000 1.000000 1.000000 1.000000 1.000000 1.000000 
Italian     0.625000 0.666670 0.000000 1.000000 0.500000 0.500000 0.500000 0.750000 0.750000 1.000000 1.000000 1.000000 1.000000 1.000000 1.000000 1.000000 
Ladin       1.000000 1.000000 1.000000 0.000000 1.000000 1.000000 1.000000 1.000000 1.000000 0.200000 0.200000 0.000000 0.200000 0.200000 0.200000 0.200000 
Provencal   0.666670 0.428570 0.500000 1.000000 0.000000 0.000000 0.250000 0.500000 0.500000 1.000000 1.000000 1.000000 1.000000 1.000000 1.000000 1.000000 
French      0.666670 0.428570 0.500000 1.000000 0.000000 0.000000 0.250000 0.500000 0.500000 1.000000 1.000000 1.000000 1.000000 1.000000 1.000000 1.000000 
Walloon     0.666670 0.571430 0.500000 1.000000 0.250000 0.250000 0.000000 0.500000 0.500000 1.000000 1.000000 1.000000 1.000000 1.000000 1.000000 1.000000 
Creole_C    0.250000 0.200000 0.750000 1.000000 0.500000 0.500000 0.500000 0.000000 0.000000 1.000000 1.000000 1.000000 1.000000 1.000000 1.000000 1.000000 
Creole_D    0.250000 0.200000 0.750000 1.000000 0.500000 0.500000 0.500000 0.000000 0.000000 1.000000 1.000000 1.000000 1.000000 1.000000 1.000000 1.000000 
SardiniaN   1.000000 1.000000 1.000000 0.200000 1.000000 1.000000 1.000000 1.000000 1.000000 0.000000 0.000000 0.200000 0.166670 0.166670 0.166670 0.166670 
SardiniaL   1.000000 1.000000 1.000000 0.200000 1.000000 1.000000 1.000000 1.000000 1.000000 0.000000 0.000000 0.200000 0.166670 0.166670 0.166670 0.166670 
SardiniaC   1.000000 1.000000 1.000000 0.000000 1.000000 1.000000 1.000000 1.000000 1.000000 0.200000 0.200000 0.000000 0.200000 0.200000 0.200000 0.200000 
Spanish     1.000000 1.000000 1.000000 0.200000 1.000000 1.000000 1.000000 1.000000 1.000000 0.166670 0.166670 0.200000 0.000000 0.000000 0.000000 0.000000 
Portugues   1.000000 1.000000 1.000000 0.200000 1.000000 1.000000 1.000000 1.000000 1.000000 0.166670 0.166670 0.200000 0.000000 0.000000 0.000000 0.000000 
Brazilian   1.000000 1.000000 1.000000 0.200000 1.000000 1.000000 1.000000 1.000000 1.000000 0.166670 0.166670 0.200000 0.000000 0.000000 0.000000 0.000000 
Catalan     1.000000 1.000000 1.000000 0.200000 1.000000 1.000000 1.000000 1.000000 1.000000 0.166670 0.166670 0.200000 0.000000 0.000000 0.000000 0.000000 
8
Provencal   0.000000 0.000000 0.142860 0.142860 1.000000 1.000000 1.000000 1.000000 
French      0.000000 0.000000 0.142860 0.142860 1.000000 1.000000 1.000000 1.000000 
Creole_C    0.142860 0.142860 0.000000 0.000000 1.000000 1.000000 1.000000 1.000000 
Creole_D    0.142860 0.142860 0.000000 0.000000 1.000000 1.000000 1.000000 1.000000 
SardiniaN   1.000000 1.000000 1.000000 1.000000 0.000000 0.000000 0.000000 0.200000 
SardiniaL   1.000000 1.000000 1.000000 1.000000 0.000000 0.000000 0.000000 0.200000 
SardiniaC   1.000000 1.000000 1.000000 1.000000 0.000000 0.000000 0.000000 0.200000 
Catalan     1.000000 1.000000 1.000000 1.000000 0.200000 0.200000 0.200000 0.000000 
15
Romanian    0.000000 0.222220 0.222220 0.400000 0.222220 0.300000 0.300000 0.375000 0.437500 0.277780 0.222220 0.388890 0.500000 0.500000 0.571430 
Vlach       0.222220 0.000000 0.187500 0.500000 0.357140 0.388890 0.444440 0.357140 0.285710 0.125000 0.187500 0.250000 0.500000 0.500000 0.583330 
Italian     0.222220 0.187500 0.000000 0.333330 0.142860 0.333330 0.444440 0.428570 0.428570 0.062500 0.000000 0.187500 0.285710 0.285710 0.333330 
Ladin       0.400000 0.500000 0.333330 0.000000 0.222220 0.200000 0.300000 0.625000 0.625000 0.388890 0.333330 0.388890 0.375000 0.375000 0.428570 
Provencal   0.222220 0.357140 0.142860 0.222220 0.000000 0.111110 0.111110 0.428570 0.500000 0.214290 0.142860 0.214290 0.166670 0.166670 0.200000 
French      0.300000 0.388890 0.333330 0.200000 0.111110 0.000000 0.200000 0.375000 0.437500 0.388890 0.333330 0.500000 0.500000 0.500000 0.571430 
Walloon     0.300000 0.444440 0.444440 0.300000 0.111110 0.200000 0.000000 0.500000 0.562500 0.500000 0.444440 0.444440 0.500000 0.500000 0.571430 
Creole_C    0.375000 0.357140 0.428570 0.625000 0.428570 0.375000 0.500000 0.000000 0.083330 0.428570 0.428570 0.571430 0.500000 0.500000 0.600000 
Creole_D    0.437500 0.285710 0.428570 0.625000 0.500000 0.437500 0.562500 0.083330 0.000000 0.428570 0.428570 0.571430 0.500000 0.500000 0.600000 
SardiniaN   0.277780 0.125000 0.062500 0.388890 0.214290 0.388890 0.500000 0.428570 0.428570 0.000000 0.062500 0.125000 0.357140 0.357140 0.416670 
SardiniaL   0.222220 0.187500 0.000000 0.333330 0.142860 0.333330 0.444440 0.428570 0.428570 0.062500 0.000000 0.187500 0.285710 0.285710 0.333330 
SardiniaC   0.388890 0.250000 0.187500 0.388890 0.214290 0.500000 0.444440 0.571430 0.571430 0.125000 0.187500 0.000000 0.357140 0.357140 0.416670 
Portugues   0.500000 0.500000 0.285710 0.375000 0.166670 0.500000 0.500000 0.500000 0.500000 0.357140 0.285710 0.357140 0.000000 0.000000 0.200000 
Brazilian   0.500000 0.500000 0.285710 0.375000 0.166670 0.500000 0.500000 0.500000 0.500000 0.357140 0.285710 0.357140 0.000000 0.000000 0.200000 
Catalan     0.571430 0.583330 0.333330 0.428570 0.200000 0.571430 0.571430 0.600000 0.600000 0.416670 0.333330 0.416670 0.200000 0.200000 0.000000 
16
Romanian    0.000000 0.136360 0.384620 0.687500 1.000000 1.000000 1.000000 1.000000 1.000000 1.000000 1.000000 1.000000 1.000000 1.000000 1.000000 0.700000 
Vlach       0.136360 0.000000 0.392860 0.722220 1.000000 1.000000 1.000000 1.000000 1.000000 1.000000 1.000000 1.000000 1.000000 1.000000 1.000000 0.727275 
Italian     0.384620 0.392860 0.000000 0.727275 1.000000 1.000000 1.000000 1.000000 1.000000 1.000000 1.000000 1.000000 1.000000 1.000000 1.000000 0.692310 
Ladin       0.687500 0.722220 0.727275 0.000000 0.562500 0.571430 0.555555 0.642855 0.642855 0.694445 0.666665 0.694445 0.562500 0.611110 0.562500 0.187500 
