15
German_ST   0.000000 0.285710 0.111110 0.000000 0.000000 0.000000 0.142860 0.333330 0.125000 0.333330 0.000000 0.222220 0.222220 0.142860 0.285710 
PennDutch   0.285710 0.000000 0.375000 0.285710 0.285710 0.285710 0.166670 0.400000 0.166670 0.400000 0.285710 0.375000 0.375000 0.166670 0.333330 
Dutch       0.111110 0.375000 0.000000 0.111110 0.000000 0.000000 0.250000 0.428570 0.222220 0.428570 0.111110 0.200000 0.200000 0.250000 0.375000 
Afrikaans   0.000000 0.285710 0.111110 0.000000 0.000000 0.000000 0.142860 0.000000 0.125000 0.000000 0.000000 0.222220 0.222220 0.142860 0.200000 
Flemish     0.000000 0.285710 0.000000 0.000000 0.000000 0.000000 0.142860 0.333330 0.125000 0.333330 0.000000 0.200000 0.200000 0.142860 0.285710 
Frisian     0.000000 0.285710 0.000000 0.000000 0.000000 0.000000 0.142860 0.333330 0.125000 0.333330 0.000000 0.200000 0.200000 0.142860 0.285710 
SwedishUp   0.142860 0.166670 0.250000 0.142860 0.142860 0.142860 0.000000 0.200000 0.000000 0.200000 0.142860 0.250000 0.250000 0.000000 0.166670 
SwedishVL   0.333330 0.400000 0.428570 0.000000 0.333330 0.333330 0.200000 0.000000 0.200000 0.000000 0.333330 0.428570 0.428570 0.200000 0.200000 
Swedish     0.125000 0.166670 0.222220 0.125000 0.125000 0.125000 0.000000 0.200000 0.000000 0.200000 0.125000 0.222220 0.222220 0.000000 0.142860 
Danish      0.333330 0.400000 0.428570 0.000000 0.333330 0.333330 0.200000 0.000000 0.200000 0.000000 0.333330 0.428570 0.428570 0.200000 0.200000 
Riksmal     0.000000 0.285710 0.111110 0.000000 0.000000 0.000000 0.142860 0.333330 0.125000 0.333330 0.000000 0.222220 0.222220 0.142860 0.285710 
Icelandic   0.222220 0.375000 0.200000 0.222220 0.200000 0.200000 0.250000 0.428570 0.222220 0.428570 0.222220 0.000000 0.000000 0.250000 0.375000 
Faroese     0.222220 0.375000 0.200000 0.222220 0.200000 0.200000 0.250000 0.428570 0.222220 0.428570 0.222220 0.000000 0.000000 0.250000 0.375000 
English     0.142860 0.166670 0.250000 0.142860 0.142860 0.142860 0.000000 0.200000 0.000000 0.200000 0.142860 0.250000 0.250000 0.000000 0.166670 
Sranan      0.285710 0.333330 0.375000 0.200000 0.285710 0.285710 0.166670 0.200000 0.142860 0.200000 0.285710 0.375000 0.375000 0.166670 0.000000 
14
German_ST   0.000000 0.333330 0.400000 0.400000 0.400000 0.400000 1.000000 1.000000 1.000000 1.000000 1.000000 1.000000 0.166670 0.400000 
PennDutch   0.333330 0.000000 0.400000 0.400000 0.400000 0.400000 1.000000 1.000000 1.000000 1.000000 1.000000 1.000000 0.500000 0.400000 
Dutch       0.400000 0.400000 0.000000 0.000000 0.000000 0.000000 1.000000 1.000000 1.000000 1.000000 1.000000 1.000000 0.400000 0.000000 
Afrikaans   0.400000 0.400000 0.000000 0.000000 0.000000 0.000000 1.000000 1.000000 1.000000 1.000000 1.000000 1.000000 0.400000 0.000000 
Flemish     0.400000 0.400000 0.000000 0.000000 0.000000 0.000000 1.000000 1.000000 1.000000 1.000000 1.000000 1.000000 0.400000 0.000000 
Frisian     0.400000 0.400000 0.000000 0.000000 0.000000 0.000000 1.000000 1.000000 1.000000 1.000000 1.000000 1.000000 0.400000 0.000000 
SwedishUp   1.000000 1.000000 1.000000 1.000000 1.000000 1.000000 0.000000 0.000000 0.400000 0.400000 0.400000 0.400000 1.000000 1.000000 
Swedish     1.000000 1.000000 1.000000 1.000000 1.000000 1.000000 0.000000 0.000000 0.400000 0.400000 0.400000 0.400000 1.000000 1.000000 
Danish      1.000000 1.000000 1.000000 1.000000 1.000000 1.000000 0.400000 0.400000 0.000000 0.000000 0.000000 0.000000 1.000000 1.000000 
Riksmal     1.000000 1.000000 1.000000 1.000000 1.000000 1.000000 0.400000 0.400000 0.000000 0.000000 0.000000 0.000000 1.000000 1.000000 
Icelandic   1.000000 1.000000 1.000000 1.000000 1.000000 1.000000 0.400000 0.400000 0.000000 0.000000 0.000000 0.000000 1.000000 1.000000 
Faroese     1.000000 1.000000 1.000000 1.000000 1.000000 1.000000 0.400000 0.400000 0.000000 0.000000 0.000000 0.000000 1.000000 1.000000 
English     0.166670 0.500000 0.400000 0.400000 0.400000 0.400000 1.000000 1.000000 1.000000 1.000000 1.000000 1.000000 0.000000 0.400000 
Sranan      0.400000 0.400000 0.000000 0.000000 0.000000 0.000000 1.000000 1.000000 1.000000 1.000000 1.000000 1.000000 0.400000 0.000000 
13
German_ST   0.000000 0.250000 0.062500 0.062500 0.062500 0.312500 0.428570 0.312500 0.285710 0.285710 0.285710 0.333330 1.000000 
PennDutch   0.250000 0.000000 0.200000 0.200000 0.200000 0.400000 0.555560 0.400000 0.388890 0.388890 0.388890 0.409090 1.000000 
Dutch       0.062500 0.200000 0.000000 0.000000 0.000000 0.250000 0.428570 0.250000 0.214290 0.214290 0.214290 0.277780 1.000000 
Afrikaans   0.062500 0.200000 0.000000 0.000000 0.000000 0.250000 0.428570 0.250000 0.214290 0.214290 0.214290 0.277780 1.000000 
Flemish     0.062500 0.200000 0.000000 0.000000 0.000000 0.250000 0.428570 0.250000 0.214290 0.214290 0.214290 0.277780 1.000000 
SwedishUp   0.312500 0.400000 0.250000 0.250000 0.250000 0.000000 0.142860 0.000000 0.285710 0.285710 0.285710 0.222220 1.000000 
SwedishVL   0.428570 0.555560 0.428570 0.428570 0.428570 0.142860 0.000000 0.142860 0.333330 0.333330 0.333330 0.375000 1.000000 
Swedish     0.312500 0.400000 0.250000 0.250000 0.250000 0.000000 0.142860 0.000000 0.285710 0.285710 0.285710 0.222220 1.000000 
Danish      0.285710 0.388890 0.214290 0.214290 0.214290 0.285710 0.333330 0.285710 0.000000 0.000000 0.000000 0.250000 1.000000 
Riksmal     0.285710 0.388890 0.214290 0.214290 0.214290 0.285710 0.333330 0.285710 0.000000 0.000000 0.000000 0.250000 1.000000 
Icelandic   0.285710 0.388890 0.214290 0.214290 0.214290 0.285710 0.333330 0.285710 0.000000 0.000000 0.000000 0.250000 1.000000 
Faroese     0.333330 0.409090 0.277780 0.277780 0.277780 0.222220 0.375000 0.222220 0.250000 0.250000 0.250000 0.000000 1.000000 
English     1.000000 1.000000 1.000000 1.000000 1.000000 1.000000 1.000000 1.000000 1.000000 1.000000 1.000000 1.000000 0.000000 
15
German_ST   0.000000 0.222220 0.111110 0.428570 0.111110 0.350000 0.277780 0.277780 0.277780 0.166670 0.166670 0.277780 0.388890 0.200000 0.300000 
PennDutch   0.222220 0.000000 0.125000 0.500000 0.125000 0.277780 0.312500 0.312500 0.312500 0.312500 0.312500 0.312500 0.312500 0.444440 0.444440 
Dutch       0.111110 0.125000 0.000000 0.333330 0.000000 0.388890 0.187500 0.187500 0.187500 0.187500 0.187500 0.187500 0.312500 0.333330 0.333330 
Afrikaans   0.428570 0.500000 0.333330 0.000000 0.333330 0.571430 0.333330 0.333330 0.333330 0.333330 0.333330 0.333330 0.500000 0.428570 0.428570 
Flemish     0.111110 0.125000 0.000000 0.333330 0.000000 0.388890 0.187500 0.187500 0.187500 0.187500 0.187500 0.187500 0.312500 0.333330 0.333330 
Frisian     0.350000 0.277780 0.388890 0.571430 0.388890 0.000000 0.333330 0.333330 0.333330 0.222220 0.222220 0.333330 0.333330 0.400000 0.400000 
SwedishUp   0.277780 0.312500 0.187500 0.333330 0.187500 0.333330 0.000000 0.000000 0.000000 0.125000 0.125000 0.000000 0.125000 0.333330 0.333330 
SwedishVL   0.277780 0.312500 0.187500 0.333330 0.187500 0.333330 0.000000 0.000000 0.000000 0.125000 0.125000 0.000000 0.125000 0.333330 0.333330 
Swedish     0.277780 0.312500 0.187500 0.333330 0.187500 0.333330 0.000000 0.000000 0.000000 0.125000 0.125000 0.000000 0.125000 0.333330 0.333330 
Danish      0.166670 0.312500 0.187500 0.333330 0.187500 0.222220 0.125000 0.125000 0.125000 0.000000 0.000000 0.125000 0.250000 0.222220 0.333330 
Riksmal     0.166670 0.312500 0.187500 0.333330 0.187500 0.222220 0.125000 0.125000 0.125000 0.000000 0.000000 0.125000 0.250000 0.222220 0.333330 
Icelandic   0.277780 0.312500 0.187500 0.333330 0.187500 0.333330 0.000000 0.000000 0.000000 0.125000 0.125000 0.000000 0.125000 0.333330 0.333330 
Faroese     0.388890 0.312500 0.312500 0.500000 0.312500 0.333330 0.125000 0.125000 0.125000 0.250000 0.250000 0.125000 0.000000 0.444440 0.444440 
English     0.200000 0.444440 0.333330 0.428570 0.333330 0.400000 0.333330 0.333330 0.333330 0.222220 0.222220 0.333330 0.444440 0.000000 0.200000 
Sranan      0.300000 0.444440 0.333330 0.428570 0.333330 0.400000 0.333330 0.333330 0.333330 0.333330 0.333330 0.333330 0.444440 0.200000 0.000000 
13
German_ST   0.000000 0.400000 1.000000 1.000000 0.600000 1.000000 1.000000 1.000000 1.000000 1.000000 1.000000 1.000000 0.500000 
PennDutch   0.400000 0.000000 1.000000 1.000000 0.666665 1.000000 1.000000 1.000000 1.000000 1.000000 1.000000 1.000000 0.400000 
Dutch       1.000000 1.000000 0.000000 0.000000 0.500000 1.000000 1.000000 1.000000 1.000000 1.000000 1.000000 1.000000 1.000000 
Afrikaans   1.000000 1.000000 0.000000 0.000000 0.500000 1.000000 1.000000 1.000000 1.000000 1.000000 1.000000 1.000000 1.000000 
Flemish     0.600000 0.666665 0.500000 0.500000 0.000000 1.000000 1.000000 1.000000 1.000000 1.000000 1.000000 1.000000 0.800000 
SwedishUp   1.000000 1.000000 1.000000 1.000000 1.000000 0.000000 0.500000 0.583335 0.583335 0.583335 0.166665 0.500000 1.000000 
Swedish     1.000000 1.000000 1.000000 1.000000 1.000000 0.500000 0.000000 0.166670 0.166670 0.166670 0.500000 1.000000 1.000000 
Danish      1.000000 1.000000 1.000000 1.000000 1.000000 0.583335 0.166670 0.000000 0.000000 0.333330 0.583335 1.000000 1.000000 
Riksmal     1.000000 1.000000 1.000000 1.000000 1.000000 0.583335 0.166670 0.000000 0.000000 0.333330 0.583335 1.000000 1.000000 
Icelandic   1.000000 1.000000 1.000000 1.000000 1.000000 0.583335 0.166670 0.333330 0.333330 0.000000 0.583335 1.000000 1.000000 
Faroese     1.000000 1.000000 1.000000 1.000000 1.000000 0.166665 0.500000 0.583335 0.583335 0.583335 0.000000 0.666665 1.000000 
English     1.000000 1.000000 1.000000 1.000000 1.000000 0.500000 1.000000 1.000000 1.000000 1.000000 0.666665 0.000000 1.000000 
Sranan      0.500000 0.400000 1.000000 1.000000 0.800000 1.000000 1.000000 1.000000 1.000000 1.000000 1.000000 1.000000 0.000000 
15
German_ST   0.000000 1.000000 0.444440 0.444440 0.444440 0.444440 0.750000 0.555560 0.500000 1.000000 0.500000 1.000000 1.000000 1.000000 1.000000 
PennDutch   1.000000 0.000000 1.000000 1.000000 1.000000 1.000000 0.750000 1.000000 1.000000 0.600000 1.000000 0.500000 0.500000 0.363640 0.454550 
Dutch       0.444440 1.000000 0.000000 0.000000 0.000000 0.000000 0.642855 0.166670 0.285710 1.000000 0.285710 1.000000 1.000000 1.000000 1.000000 
Afrikaans   0.444440 1.000000 0.000000 0.000000 0.000000 0.000000 0.642855 0.166670 0.285710 1.000000 0.285710 1.000000 1.000000 1.000000 1.000000 
Flemish     0.444440 1.000000 0.000000 0.000000 0.000000 0.000000 0.642855 0.166670 0.285710 1.000000 0.285710 1.000000 1.000000 1.000000 1.000000 
Frisian     0.444440 1.000000 0.000000 0.000000 0.000000 0.000000 0.642855 0.166670 0.285710 1.000000 0.285710 1.000000 1.000000 1.000000 1.000000 
SwedishUp   0.750000 0.750000 0.642855 0.642855 0.642855 0.642855 0.000000 0.642855 0.500000 0.583335 0.500000 0.500000 0.500000 0.571430 0.571430 
SwedishVL   0.555560 1.000000 0.166670 0.166670 0.166670 0.166670 0.642855 0.000000 0.285710 1.000000 0.285710 1.000000 1.000000 1.000000 1.000000 
Swedish     0.500000 1.000000 0.285710 0.285710 0.285710 0.285710 0.500000 0.285710 0.000000 1.000000 0.000000 1.000000 1.000000 1.000000 1.000000 
Danish      1.000000 0.600000 1.000000 1.000000 1.000000 1.000000 0.583335 1.000000 1.000000 0.000000 1.000000 0.166670 0.166670 0.285710 0.285710 
Riksmal     0.500000 1.000000 0.285710 0.285710 0.285710 0.285710 0.500000 0.285710 0.000000 1.000000 0.000000 1.000000 1.000000 1.000000 1.000000 
Icelandic   1.000000 0.500000 1.000000 1.000000 1.000000 1.000000 0.500000 1.000000 1.000000 0.166670 1.000000 0.000000 0.000000 0.142860 0.142860 
Faroese     1.000000 0.500000 1.000000 1.000000 1.000000 1.000000 0.500000 1.000000 1.000000 0.166670 1.000000 0.000000 0.000000 0.142860 0.142860 
English     1.000000 0.363640 1.000000 1.000000 1.000000 1.000000 0.571430 1.000000 1.000000 0.285710 1.000000 0.142860 0.142860 0.000000 0.187500 
Sranan      1.000000 0.454550 1.000000 1.000000 1.000000 1.000000 0.571430 1.000000 1.000000 0.285710 1.000000 0.142860 0.142860 0.187500 0.000000 
10
German_ST   0.000000 0.000000 0.142860 0.416670 0.142860 1.000000 1.000000 1.000000 1.000000 0.321430 
PennDutch   0.000000 0.000000 0.142860 0.416670 0.142860 1.000000 1.000000 1.000000 1.000000 0.321430 
Dutch       0.142860 0.142860 0.000000 0.300000 0.000000 1.000000 1.000000 1.000000 1.000000 0.208330 
Afrikaans   0.416670 0.416670 0.300000 0.000000 0.300000 1.000000 1.000000 1.000000 1.000000 0.300000 
Flemish     0.142860 0.142860 0.000000 0.300000 0.000000 1.000000 1.000000 1.000000 1.000000 0.208330 
SwedishUp   1.000000 1.000000 1.000000 1.000000 1.000000 0.000000 0.111110 0.000000 0.090910 1.000000 
SwedishVL   1.000000 1.000000 1.000000 1.000000 1.000000 0.111110 0.000000 0.111110 0.200000 1.000000 
Swedish     1.000000 1.000000 1.000000 1.000000 1.000000 0.000000 0.111110 0.000000 0.090910 1.000000 
Riksmal     1.000000 1.000000 1.000000 1.000000 1.000000 0.090910 0.200000 0.090910 0.000000 1.000000 
Sranan      0.321430 0.321430 0.208330 0.300000 0.208330 1.000000 1.000000 1.000000 1.000000 0.000000 
10
Dutch       0.000000 0.366670 1.000000 1.000000 1.000000 1.000000 1.000000 1.000000 1.000000 1.000000 
Afrikaans   0.366670 0.000000 1.000000 1.000000 1.000000 1.000000 1.000000 1.000000 1.000000 1.000000 
SwedishUp   1.000000 1.000000 0.000000 0.000000 0.000000 0.000000 0.000000 0.300000 0.300000 0.000000 
SwedishVL   1.000000 1.000000 0.000000 0.000000 0.000000 0.000000 0.000000 0.300000 0.300000 0.000000 
Swedish     1.000000 1.000000 0.000000 0.000000 0.000000 0.000000 0.000000 0.300000 0.300000 0.000000 
Danish      1.000000 1.000000 0.000000 0.000000 0.000000 0.000000 0.000000 0.300000 0.300000 0.000000 
Riksmal     1.000000 1.000000 0.000000 0.000000 0.000000 0.000000 0.000000 0.300000 0.300000 0.000000 
Icelandic   1.000000 1.000000 0.300000 0.300000 0.300000 0.300000 0.300000 0.000000 0.000000 0.300000 
Faroese     1.000000 1.000000 0.300000 0.300000 0.300000 0.300000 0.300000 0.000000 0.000000 0.300000 
English     1.000000 1.000000 0.000000 0.000000 0.000000 0.000000 0.000000 0.300000 0.300000 0.000000 
6
Dutch       0.000000 0.000000 0.000000 0.100000 1.000000 1.000000 
Afrikaans   0.000000 0.000000 0.000000 0.100000 1.000000 1.000000 
Flemish     0.000000 0.000000 0.000000 0.100000 1.000000 1.000000 
Frisian     0.100000 0.100000 0.100000 0.000000 1.000000 1.000000 
English     1.000000 1.000000 1.000000 1.000000 0.000000 0.269230 
Sranan      1.000000 1.000000 1.000000 1.000000 0.269230 0.000000 
15
German_ST   0.000000 0.000000 0.333330 0.333330 0.333330 0.312500 1.000000 1.000000 0.656250 0.375000 1.000000 1.000000 0.350000 1.000000 1.000000 
PennDutch   0.000000 0.000000 0.333330 0.333330 0.333330 0.312500 1.000000 1.000000 0.656250 0.375000 1.000000 1.000000 0.350000 1.000000 1.000000 
Dutch       0.333330 0.333330 0.000000 0.000000 0.000000 0.142860 1.000000 1.000000 0.571430 0.285710 1.000000 1.000000 0.333330 1.000000 1.000000 
Afrikaans   0.333330 0.333330 0.000000 0.000000 0.000000 0.142860 1.000000 1.000000 0.571430 0.285710 1.000000 1.000000 0.333330 1.000000 1.000000 
Flemish     0.333330 0.333330 0.000000 0.000000 0.000000 0.142860 1.000000 1.000000 0.571430 0.285710 1.000000 1.000000 0.333330 1.000000 1.000000 
Frisian     0.312500 0.312500 0.142860 0.142860 0.142860 0.000000 1.000000 1.000000 0.500000 0.166670 1.000000 1.000000 0.250000 1.000000 1.000000 
SwedishUp   1.000000 1.000000 1.000000 1.000000 1.000000 1.000000 0.000000 0.562500 0.666667 1.000000 0.562500 0.562500 1.000000 0.666665 0.625000 
SwedishVL   1.000000 1.000000 1.000000 1.000000 1.000000 1.000000 0.562500 0.000000 0.562500 1.000000 0.250000 0.125000 1.000000 1.000000 1.000000 
Swedish     0.656250 0.656250 0.571430 0.571430 0.571430 0.500000 0.666667 0.562500 0.000000 0.583335 0.562500 0.562500 0.625000 1.000000 1.000000 
Danish      0.375000 0.375000 0.285710 0.285710 0.285710 0.166670 1.000000 1.000000 0.583335 0.000000 1.000000 1.000000 0.375000 1.000000 1.000000 
Riksmal     1.000000 1.000000 1.000000 1.000000 1.000000 1.000000 0.562500 0.250000 0.562500 1.000000 0.000000 0.250000 1.000000 1.000000 1.000000 
Icelandic   1.000000 1.000000 1.000000 1.000000 1.000000 1.000000 0.562500 0.125000 0.562500 1.000000 0.250000 0.000000 1.000000 1.000000 1.000000 
Faroese     0.350000 0.350000 0.333330 0.333330 0.333330 0.250000 1.000000 1.000000 0.625000 0.375000 1.000000 1.000000 0.000000 1.000000 1.000000 
English     1.000000 1.000000 1.000000 1.000000 1.000000 1.000000 0.666665 1.000000 1.000000 1.000000 1.000000 1.000000 1.000000 0.000000 0.222220 
Sranan      1.000000 1.000000 1.000000 1.000000 1.000000 1.000000 0.625000 1.000000 1.000000 1.000000 1.000000 1.000000 1.000000 0.222220 0.000000 
14
German_ST   0.000000 0.136360 0.200000 0.200000 0.200000 0.300000 1.000000 1.000000 0.222220 1.000000 1.000000 1.000000 1.000000 0.272730 
PennDutch   0.136360 0.000000 0.272730 0.272730 0.272730 0.272730 1.000000 1.000000 0.300000 1.000000 1.000000 1.000000 1.000000 0.250000 
Dutch       0.200000 0.272730 0.000000 0.000000 0.000000 0.200000 1.000000 1.000000 0.222220 1.000000 1.000000 1.000000 1.000000 0.181820 
Afrikaans   0.200000 0.272730 0.000000 0.000000 0.000000 0.200000 1.000000 1.000000 0.222220 1.000000 1.000000 1.000000 1.000000 0.181820 
Flemish     0.200000 0.272730 0.000000 0.000000 0.000000 0.200000 1.000000 1.000000 0.222220 1.000000 1.000000 1.000000 1.000000 0.181820 
Frisian     0.300000 0.272730 0.200000 0.200000 0.200000 0.000000 1.000000 1.000000 0.333330 1.000000 1.000000 1.000000 1.000000 0.222220 
SwedishUp   1.000000 1.000000 1.000000 1.000000 1.000000 1.000000 0.000000 0.000000 1.000000 0.000000 0.000000 0.000000 0.200000 1.000000 
SwedishVL   1.000000 1.000000 1.000000 1.000000 1.000000 1.000000 0.000000 0.000000 1.000000 0.000000 0.000000 0.000000 0.200000 1.000000 
Swedish     0.222220 0.300000 0.222220 0.222220 0.222220 0.333330 1.000000 1.000000 0.000000 1.000000 1.000000 1.000000 1.000000 0.250000 
Danish      1.000000 1.000000 1.000000 1.000000 1.000000 1.000000 0.000000 0.000000 1.000000 0.000000 0.000000 0.000000 0.200000 1.000000 
Riksmal     1.000000 1.000000 1.000000 1.000000 1.000000 1.000000 0.000000 0.000000 1.000000 0.000000 0.000000 0.000000 0.200000 1.000000 
Icelandic   1.000000 1.000000 1.000000 1.000000 1.000000 1.000000 0.000000 0.000000 1.000000 0.000000 0.000000 0.000000 0.200000 1.000000 
Faroese     1.000000 1.000000 1.000000 1.000000 1.000000 1.000000 0.200000 0.200000 1.000000 0.200000 0.200000 0.200000 0.000000 1.000000 
Sranan      0.272730 0.250000 0.181820 0.181820 0.181820 0.222220 1.000000 1.000000 0.250000 1.000000 1.000000 1.000000 1.000000 0.000000 
14
German_ST   0.000000 0.227270 0.000000 0.111110 0.000000 0.150000 0.150000 0.150000 0.150000 0.277780 0.277780 0.277780 0.409090 0.375000 
PennDutch   0.227270 0.000000 0.227270 0.350000 0.227270 0.090910 0.181820 0.272730 0.181820 0.200000 0.200000 0.200000 0.250000 0.384620 
Dutch       0.000000 0.227270 0.000000 0.111110 0.000000 0.150000 0.150000 0.150000 0.150000 0.277780 0.277780 0.277780 0.409090 0.375000 
Afrikaans   0.111110 0.350000 0.111110 0.000000 0.111110 0.277780 0.277780 0.277780 0.277780 0.312500 0.312500 0.312500 0.450000 0.409090 
Flemish     0.000000 0.227270 0.000000 0.111110 0.000000 0.150000 0.150000 0.150000 0.150000 0.277780 0.277780 0.277780 0.409090 0.375000 
Frisian     0.150000 0.090910 0.150000 0.277780 0.150000 0.000000 0.100000 0.200000 0.100000 0.111110 0.111110 0.111110 0.272730 0.416670 
SwedishUp   0.150000 0.181820 0.150000 0.277780 0.150000 0.100000 0.000000 0.200000 0.000000 0.222220 0.222220 0.222220 0.363640 0.416670 
SwedishVL   0.150000 0.272730 0.150000 0.277780 0.150000 0.200000 0.200000 0.000000 0.200000 0.222220 0.222220 0.222220 0.363640 0.333330 
Swedish     0.150000 0.181820 0.150000 0.277780 0.150000 0.100000 0.000000 0.200000 0.000000 0.222220 0.222220 0.222220 0.363640 0.416670 
Danish      0.277780 0.200000 0.277780 0.312500 0.277780 0.111110 0.222220 0.222220 0.222220 0.000000 0.000000 0.000000 0.200000 0.363640 
Riksmal     0.277780 0.200000 0.277780 0.312500 0.277780 0.111110 0.222220 0.222220 0.222220 0.000000 0.000000 0.000000 0.200000 0.363640 
Icelandic   0.277780 0.200000 0.277780 0.312500 0.277780 0.111110 0.222220 0.222220 0.222220 0.000000 0.000000 0.000000 0.200000 0.363640 
Faroese     0.409090 0.250000 0.409090 0.450000 0.409090 0.272730 0.363640 0.363640 0.363640 0.200000 0.200000 0.200000 0.000000 0.307690 
Sranan      0.375000 0.384620 0.375000 0.409090 0.375000 0.416670 0.416670 0.333330 0.416670 0.363640 0.363640 0.363640 0.307690 0.000000 
12
German_ST   0.000000 0.142860 0.291670 0.250000 0.291670 0.291670 0.291670 0.291670 0.454550 0.454550 0.346150 0.392860 
PennDutch   0.142860 0.000000 0.458330 0.416670 0.458330 0.416670 0.416670 0.416670 0.454550 0.454550 0.384620 0.428570 
Dutch       0.291670 0.458330 0.000000 0.050000 0.000000 0.100000 0.100000 0.100000 0.277780 0.277780 0.181820 0.250000 
Afrikaans   0.250000 0.416670 0.050000 0.000000 0.050000 0.050000 0.050000 0.050000 0.222220 0.222220 0.136360 0.208330 
Flemish     0.291670 0.458330 0.000000 0.050000 0.000000 0.100000 0.100000 0.100000 0.277780 0.277780 0.181820 0.250000 
SwedishUp   0.291670 0.416670 0.100000 0.050000 0.100000 0.000000 0.000000 0.000000 0.222220 0.222220 0.090910 0.166670 
SwedishVL   0.291670 0.416670 0.100000 0.050000 0.100000 0.000000 0.000000 0.000000 0.222220 0.222220 0.090910 0.166670 
Swedish     0.291670 0.416670 0.100000 0.050000 0.100000 0.000000 0.000000 0.000000 0.222220 0.222220 0.090910 0.166670 
Danish      0.454550 0.454550 0.277780 0.222220 0.277780 0.222220 0.222220 0.222220 0.000000 0.000000 0.300000 0.363640 
Riksmal     0.454550 0.454550 0.277780 0.222220 0.277780 0.222220 0.222220 0.222220 0.000000 0.000000 0.300000 0.363640 
Icelandic   0.346150 0.384620 0.181820 0.136360 0.181820 0.090910 0.090910 0.090910 0.300000 0.300000 0.000000 0.076920 
Faroese     0.392860 0.428570 0.250000 0.208330 0.250000 0.166670 0.166670 0.166670 0.363640 0.363640 0.076920 0.000000 
15
German_ST   0.000000 0.111110 0.277780 0.277780 0.277780 0.277780 0.187500 0.285710 0.187500 0.187500 0.187500 0.250000 0.187500 0.277780 0.500000 
PennDutch   0.111110 0.000000 0.250000 0.250000 0.250000 0.250000 0.277780 0.375000 0.277780 0.277780 0.277780 0.333330 0.277780 0.250000 0.458330 
Dutch       0.277780 0.250000 0.000000 0.000000 0.000000 0.000000 0.111110 0.250000 0.111110 0.111110 0.111110 0.222220 0.111110 0.100000 0.250000 
Afrikaans   0.277780 0.250000 0.000000 0.000000 0.000000 0.000000 0.111110 0.250000 0.111110 0.111110 0.111110 0.222220 0.111110 0.100000 0.250000 
Flemish     0.277780 0.250000 0.000000 0.000000 0.000000 0.000000 0.111110 0.250000 0.111110 0.111110 0.111110 0.222220 0.111110 0.100000 0.250000 
Frisian     0.277780 0.250000 0.000000 0.000000 0.000000 0.000000 0.111110 0.250000 0.111110 0.111110 0.111110 0.222220 0.111110 0.100000 0.250000 
SwedishUp   0.187500 0.277780 0.111110 0.111110 0.111110 0.111110 0.000000 0.142860 0.000000 0.000000 0.000000 0.125000 0.000000 0.111110 0.363640 
SwedishVL   0.285710 0.375000 0.250000 0.250000 0.250000 0.250000 0.142860 0.000000 0.142860 0.142860 0.142860 0.142860 0.142860 0.250000 0.500000 
Swedish     0.187500 0.277780 0.111110 0.111110 0.111110 0.111110 0.000000 0.142860 0.000000 0.000000 0.000000 0.125000 0.000000 0.111110 0.363640 
Danish      0.187500 0.277780 0.111110 0.111110 0.111110 0.111110 0.000000 0.142860 0.000000 0.000000 0.000000 0.125000 0.000000 0.111110 0.363640 
Riksmal     0.187500 0.277780 0.111110 0.111110 0.111110 0.111110 0.000000 0.142860 0.000000 0.000000 0.000000 0.125000 0.000000 0.111110 0.363640 
Icelandic   0.250000 0.333330 0.222220 0.222220 0.222220 0.222220 0.125000 0.142860 0.125000 0.125000 0.125000 0.000000 0.125000 0.111110 0.363640 
Faroese     0.187500 0.277780 0.111110 0.111110 0.111110 0.111110 0.000000 0.142860 0.000000 0.000000 0.000000 0.125000 0.000000 0.111110 0.363640 
English     0.277780 0.250000 0.100000 0.100000 0.100000 0.100000 0.111110 0.250000 0.111110 0.111110 0.111110 0.111110 0.111110 0.000000 0.333330 
Sranan      0.500000 0.458330 0.250000 0.250000 0.250000 0.250000 0.363640 0.500000 0.363640 0.363640 0.363640 0.363640 0.363640 0.333330 0.000000 
13
Dutch       0.000000 0.000000 0.000000 0.125000 0.142860 0.142860 0.142860 0.142860 0.142860 0.125000 0.125000 0.285710 0.250000 
Afrikaans   0.000000 0.000000 0.000000 0.125000 0.142860 0.142860 0.142860 0.142860 0.142860 0.125000 0.125000 0.375000 0.250000 
Flemish     0.000000 0.000000 0.000000 0.125000 0.142860 0.142860 0.142860 0.142860 0.142860 0.125000 0.125000 0.375000 0.250000 
Frisian     0.125000 0.125000 0.125000 0.000000 0.142860 0.142860 0.142860 0.142860 0.142860 0.250000 0.250000 0.375000 0.250000 
SwedishUp   0.142860 0.142860 0.142860 0.142860 0.000000 0.000000 0.000000 0.000000 0.000000 0.142860 0.142860 0.285710 0.285710 
SwedishVL   0.142860 0.142860 0.142860 0.142860 0.000000 0.000000 0.000000 0.000000 0.000000 0.142860 0.142860 0.285710 0.285710 
Swedish     0.142860 0.142860 0.142860 0.142860 0.000000 0.000000 0.000000 0.000000 0.000000 0.142860 0.142860 0.285710 0.285710 
Danish      0.142860 0.142860 0.142860 0.142860 0.000000 0.000000 0.000000 0.000000 0.000000 0.142860 0.142860 0.285710 0.285710 
Riksmal     0.142860 0.142860 0.142860 0.142860 0.000000 0.000000 0.000000 0.000000 0.000000 0.142860 0.142860 0.285710 0.285710 
Icelandic   0.125000 0.125000 0.125000 0.250000 0.142860 0.142860 0.142860 0.142860 0.142860 0.000000 0.000000 0.375000 0.250000 
Faroese     0.125000 0.125000 0.125000 0.250000 0.142860 0.142860 0.142860 0.142860 0.142860 0.000000 0.000000 0.375000 0.250000 
English     0.285710 0.375000 0.375000 0.375000 0.285710 0.285710 0.285710 0.285710 0.285710 0.375000 0.375000 0.000000 0.250000 
Sranan      0.250000 0.250000 0.250000 0.250000 0.285710 0.285710 0.285710 0.285710 0.285710 0.250000 0.250000 0.250000 0.000000 
13
German_ST   0.000000 0.200000 0.000000 0.000000 0.000000 0.214290 1.000000 1.000000 1.000000 1.000000 1.000000 1.000000 1.000000 
PennDutch   0.200000 0.000000 0.200000 0.200000 0.200000 0.388890 1.000000 1.000000 1.000000 1.000000 1.000000 1.000000 1.000000 
Dutch       0.000000 0.200000 0.000000 0.000000 0.000000 0.214290 1.000000 1.000000 1.000000 1.000000 1.000000 1.000000 1.000000 
Afrikaans   0.000000 0.200000 0.000000 0.000000 0.000000 0.214290 1.000000 1.000000 1.000000 1.000000 1.000000 1.000000 1.000000 
Flemish     0.000000 0.200000 0.000000 0.000000 0.000000 0.214290 1.000000 1.000000 1.000000 1.000000 1.000000 1.000000 1.000000 
Frisian     0.214290 0.388890 0.214290 0.214290 0.214290 0.000000 1.000000 1.000000 1.000000 1.000000 1.000000 1.000000 1.000000 
SwedishUp   1.000000 1.000000 1.000000 1.000000 1.000000 1.000000 0.000000 0.142860 0.000000 0.000000 0.000000 0.000000 0.000000 
SwedishVL   1.000000 1.000000 1.000000 1.000000 1.000000 1.000000 0.142860 0.000000 0.142860 0.142860 0.142860 0.142860 0.142860 
Swedish     1.000000 1.000000 1.000000 1.000000 1.000000 1.000000 0.000000 0.142860 0.000000 0.000000 0.000000 0.000000 0.000000 
Danish      1.000000 1.000000 1.000000 1.000000 1.000000 1.000000 0.000000 0.142860 0.000000 0.000000 0.000000 0.000000 0.000000 
Riksmal     1.000000 1.000000 1.000000 1.000000 1.000000 1.000000 0.000000 0.142860 0.000000 0.000000 0.000000 0.000000 0.000000 
Icelandic   1.000000 1.000000 1.000000 1.000000 1.000000 1.000000 0.000000 0.142860 0.000000 0.000000 0.000000 0.000000 0.000000 
Faroese     1.000000 1.000000 1.000000 1.000000 1.000000 1.000000 0.000000 0.142860 0.000000 0.000000 0.000000 0.000000 0.000000 
12
German_ST   0.000000 0.300000 0.111110 0.111110 0.111110 0.000000 1.000000 1.000000 1.000000 1.000000 1.000000 0.090910 
PennDutch   0.300000 0.000000 0.333330 0.333330 0.333330 0.300000 1.000000 1.000000 1.000000 1.000000 1.000000 0.363640 
Dutch       0.111110 0.333330 0.000000 0.000000 0.000000 0.000000 1.000000 1.000000 1.000000 1.000000 1.000000 0.200000 
Afrikaans   0.111110 0.333330 0.000000 0.000000 0.000000 0.000000 1.000000 1.000000 1.000000 1.000000 1.000000 0.200000 
Flemish     0.111110 0.333330 0.000000 0.000000 0.000000 0.000000 1.000000 1.000000 1.000000 1.000000 1.000000 0.200000 
Frisian     0.000000 0.300000 0.000000 0.000000 0.000000 0.000000 1.000000 1.000000 1.000000 1.000000 1.000000 0.090910 
Swedish     1.000000 1.000000 1.000000 1.000000 1.000000 1.000000 0.000000 0.000000 0.000000 0.000000 0.333330 1.000000 
Danish      1.000000 1.000000 1.000000 1.000000 1.000000 1.000000 0.000000 0.000000 0.000000 0.000000 0.333330 1.000000 
Riksmal     1.000000 1.000000 1.000000 1.000000 1.000000 1.000000 0.000000 0.000000 0.000000 0.000000 0.333330 1.000000 
Icelandic   1.000000 1.000000 1.000000 1.000000 1.000000 1.000000 0.000000 0.000000 0.000000 0.000000 0.333330 1.000000 
Faroese     1.000000 1.000000 1.000000 1.000000 1.000000 1.000000 0.333330 0.333330 0.333330 0.333330 0.000000 1.000000 
Sranan      0.090910 0.363640 0.200000 0.200000 0.200000 0.090910 1.000000 1.000000 1.000000 1.000000 1.000000 0.000000 
15
German_ST   0.000000 0.125000 0.312500 0.312500 0.312500 0.062500 0.125000 0.142860 0.125000 0.187500 0.062500 0.166670 0.250000 0.250000 0.500000 
PennDutch   0.125000 0.000000 0.312500 0.312500 0.312500 0.187500 0.250000 0.285710 0.250000 0.187500 0.187500 0.277780 0.350000 0.250000 0.500000 
Dutch       0.312500 0.312500 0.000000 0.000000 0.000000 0.250000 0.375000 0.428570 0.375000 0.125000 0.250000 0.333330 0.400000 0.187500 0.300000 
Afrikaans   0.312500 0.312500 0.000000 0.000000 0.000000 0.250000 0.375000 0.428570 0.375000 0.125000 0.250000 0.333330 0.400000 0.187500 0.300000 
Flemish     0.312500 0.312500 0.000000 0.000000 0.000000 0.250000 0.375000 0.428570 0.375000 0.125000 0.250000 0.333330 0.400000 0.187500 0.300000 
Frisian     0.062500 0.187500 0.250000 0.250000 0.250000 0.000000 0.125000 0.142860 0.125000 0.125000 0.000000 0.111110 0.200000 0.187500 0.500000 
SwedishUp   0.125000 0.250000 0.375000 0.375000 0.375000 0.125000 0.000000 0.142860 0.000000 0.250000 0.125000 0.222220 0.300000 0.312500 0.500000 
SwedishVL   0.142860 0.285710 0.428570 0.428570 0.428570 0.142860 0.142860 0.000000 0.142860 0.285710 0.142860 0.250000 0.333330 0.357140 0.555560 
Swedish     0.125000 0.250000 0.375000 0.375000 0.375000 0.125000 0.000000 0.142860 0.000000 0.250000 0.125000 0.222220 0.300000 0.312500 0.500000 
Danish      0.187500 0.187500 0.125000 0.125000 0.125000 0.125000 0.250000 0.285710 0.250000 0.000000 0.125000 0.222220 0.300000 0.062500 0.400000 
Riksmal     0.062500 0.187500 0.250000 0.250000 0.250000 0.000000 0.125000 0.142860 0.125000 0.125000 0.000000 0.111110 0.200000 0.187500 0.500000 
Icelandic   0.166670 0.277780 0.333330 0.333330 0.333330 0.111110 0.222220 0.250000 0.222220 0.222220 0.111110 0.000000 0.090910 0.277780 0.454550 
Faroese     0.250000 0.350000 0.400000 0.400000 0.400000 0.200000 0.300000 0.333330 0.300000 0.300000 0.200000 0.090910 0.000000 0.350000 0.416670 
English     0.250000 0.250000 0.187500 0.187500 0.187500 0.187500 0.312500 0.357140 0.312500 0.062500 0.187500 0.277780 0.350000 0.000000 0.450000 
Sranan      0.500000 0.500000 0.300000 0.300000 0.300000 0.500000 0.500000 0.555560 0.500000 0.400000 0.500000 0.454550 0.416670 0.450000 0.000000 
15
German_ST   0.000000 0.214290 0.083330 0.083330 0.083330 1.000000 0.083330 0.083330 0.083330 0.083330 0.083330 0.214290 0.312500 1.000000 1.000000 
PennDutch   0.214290 0.000000 0.142860 0.142860 0.142860 1.000000 0.142860 0.142860 0.142860 0.142860 0.142860 0.250000 0.333330 1.000000 1.000000 
Dutch       0.083330 0.142860 0.000000 0.000000 0.000000 1.000000 0.000000 0.000000 0.000000 0.000000 0.000000 0.142860 0.250000 1.000000 1.000000 
Afrikaans   0.083330 0.142860 0.000000 0.000000 0.000000 1.000000 0.000000 0.000000 0.000000 0.000000 0.000000 0.142860 0.250000 1.000000 1.000000 
Flemish     0.083330 0.142860 0.000000 0.000000 0.000000 1.000000 0.000000 0.000000 0.000000 0.000000 0.000000 0.142860 0.250000 1.000000 1.000000 
Frisian     1.000000 1.000000 1.000000 1.000000 1.000000 0.000000 1.000000 1.000000 1.000000 1.000000 1.000000 1.000000 1.000000 0.250000 0.000000 
SwedishUp   0.083330 0.142860 0.000000 0.000000 0.000000 1.000000 0.000000 0.000000 0.000000 0.000000 0.000000 0.142860 0.250000 1.000000 1.000000 
SwedishVL   0.083330 0.142860 0.000000 0.000000 0.000000 1.000000 0.000000 0.000000 0.000000 0.000000 0.000000 0.142860 0.250000 1.000000 1.000000 
Swedish     0.083330 0.142860 0.000000 0.000000 0.000000 1.000000 0.000000 0.000000 0.000000 0.000000 0.000000 0.142860 0.250000 1.000000 1.000000 
Danish      0.083330 0.142860 0.000000 0.000000 0.000000 1.000000 0.000000 0.000000 0.000000 0.000000 0.000000 0.142860 0.250000 1.000000 1.000000 
Riksmal     0.083330 0.142860 0.000000 0.000000 0.000000 1.000000 0.000000 0.000000 0.000000 0.000000 0.000000 0.142860 0.250000 1.000000 1.000000 
Icelandic   0.214290 0.250000 0.142860 0.142860 0.142860 1.000000 0.142860 0.142860 0.142860 0.142860 0.142860 0.000000 0.111110 1.000000 1.000000 
Faroese     0.312500 0.333330 0.250000 0.250000 0.250000 1.000000 0.250000 0.250000 0.250000 0.250000 0.250000 0.111110 0.000000 1.000000 1.000000 
English     1.000000 1.000000 1.000000 1.000000 1.000000 0.250000 1.000000 1.000000 1.000000 1.000000 1.000000 1.000000 1.000000 0.000000 0.250000 
Sranan      1.000000 1.000000 1.000000 1.000000 1.000000 0.000000 1.000000 1.000000 1.000000 1.000000 1.000000 1.000000 1.000000 0.250000 0.000000 
10
PennDutch   0.000000 1.000000 1.000000 1.000000 1.000000 0.692310 0.708335 1.000000 0.500000 0.500000 
Dutch       1.000000 0.000000 0.000000 0.000000 1.000000 1.000000 1.000000 1.000000 1.000000 1.000000 
Afrikaans   1.000000 0.000000 0.000000 0.000000 1.000000 1.000000 1.000000 1.000000 1.000000 1.000000 
Flemish     1.000000 0.000000 0.000000 0.000000 1.000000 1.000000 1.000000 1.000000 1.000000 1.000000 
Danish      1.000000 1.000000 1.000000 1.000000 0.000000 0.660715 0.716665 0.346150 1.000000 1.000000 
Riksmal     0.692310 1.000000 1.000000 1.000000 0.660715 0.000000 0.205555 0.596155 0.650000 0.666665 
Icelandic   0.708335 1.000000 1.000000 1.000000 0.716665 0.205555 0.000000 0.642855 0.666665 0.687500 
Faroese     1.000000 1.000000 1.000000 1.000000 0.346150 0.596155 0.642855 0.000000 1.000000 1.000000 
English     0.500000 1.000000 1.000000 1.000000 1.000000 0.650000 0.666665 1.000000 0.000000 0.277780 
Sranan      0.500000 1.000000 1.000000 1.000000 1.000000 0.666665 0.687500 1.000000 0.277780 0.000000 
13
German_ST   0.000000 0.200000 0.125000 0.125000 0.125000 0.250000 0.000000 0.142860 0.000000 0.000000 0.000000 0.111110 0.200000 
PennDutch   0.200000 0.000000 0.300000 0.300000 0.300000 0.300000 0.200000 0.333330 0.200000 0.200000 0.200000 0.181820 0.250000 
Dutch       0.125000 0.300000 0.000000 0.000000 0.000000 0.250000 0.125000 0.285710 0.125000 0.125000 0.125000 0.222220 0.300000 
Afrikaans   0.125000 0.300000 0.000000 0.000000 0.000000 0.250000 0.125000 0.285710 0.125000 0.125000 0.125000 0.222220 0.300000 
Flemish     0.125000 0.300000 0.000000 0.000000 0.000000 0.250000 0.125000 0.285710 0.125000 0.125000 0.125000 0.222220 0.300000 
Frisian     0.250000 0.300000 0.250000 0.250000 0.250000 0.000000 0.250000 0.142860 0.250000 0.250000 0.250000 0.333330 0.400000 
SwedishUp   0.000000 0.200000 0.125000 0.125000 0.125000 0.250000 0.000000 0.142860 0.000000 0.000000 0.000000 0.111110 0.200000 
SwedishVL   0.142860 0.333330 0.285710 0.285710 0.285710 0.142860 0.142860 0.000000 0.142860 0.142860 0.142860 0.250000 0.333330 
Swedish     0.000000 0.200000 0.125000 0.125000 0.125000 0.250000 0.000000 0.142860 0.000000 0.000000 0.000000 0.111110 0.200000 
Danish      0.000000 0.200000 0.125000 0.125000 0.125000 0.250000 0.000000 0.142860 0.000000 0.000000 0.000000 0.111110 0.200000 
Riksmal     0.000000 0.200000 0.125000 0.125000 0.125000 0.250000 0.000000 0.142860 0.000000 0.000000 0.000000 0.111110 0.200000 
Icelandic   0.111110 0.181820 0.222220 0.222220 0.222220 0.333330 0.111110 0.250000 0.111110 0.111110 0.111110 0.000000 0.090910 
Faroese     0.200000 0.250000 0.300000 0.300000 0.300000 0.400000 0.200000 0.333330 0.200000 0.200000 0.200000 0.090910 0.000000 
15
German_ST   0.000000 0.250000 0.375000 0.375000 0.375000 0.307690 1.000000 1.000000 1.000000 1.000000 1.000000 1.000000 1.000000 0.550000 0.450000 
PennDutch   0.250000 0.000000 0.416670 0.416670 0.416670 0.307690 1.000000 1.000000 1.000000 1.000000 1.000000 1.000000 1.000000 0.500000 0.400000 
Dutch       0.375000 0.416670 0.000000 0.000000 0.000000 0.272730 1.000000 1.000000 1.000000 1.000000 1.000000 1.000000 1.000000 0.375000 0.375000 
Afrikaans   0.375000 0.416670 0.000000 0.000000 0.000000 0.272730 1.000000 1.000000 1.000000 1.000000 1.000000 1.000000 1.000000 0.285710 0.285710 
Flemish     0.375000 0.416670 0.000000 0.000000 0.000000 0.272730 1.000000 1.000000 1.000000 1.000000 1.000000 1.000000 1.000000 0.375000 0.375000 
Frisian     0.307690 0.307690 0.272730 0.272730 0.272730 0.000000 1.000000 1.000000 1.000000 1.000000 1.000000 1.000000 1.000000 0.444440 0.333330 
SwedishUp   1.000000 1.000000 1.000000 1.000000 1.000000 1.000000 0.000000 0.142860 0.000000 0.142860 0.000000 0.222220 0.300000 1.000000 1.000000 
SwedishVL   1.000000 1.000000 1.000000 1.000000 1.000000 1.000000 0.142860 0.000000 0.142860 0.000000 0.142860 0.375000 0.444440 1.000000 1.000000 
Swedish     1.000000 1.000000 1.000000 1.000000 1.000000 1.000000 0.000000 0.142860 0.000000 0.142860 0.000000 0.222220 0.300000 1.000000 1.000000 
Danish      1.000000 1.000000 1.000000 1.000000 1.000000 1.000000 0.142860 0.000000 0.142860 0.000000 0.142860 0.375000 0.444440 1.000000 1.000000 
Riksmal     1.000000 1.000000 1.000000 1.000000 1.000000 1.000000 0.000000 0.142860 0.000000 0.142860 0.000000 0.222220 0.300000 1.000000 1.000000 
Icelandic   1.000000 1.000000 1.000000 1.000000 1.000000 1.000000 0.222220 0.375000 0.222220 0.375000 0.222220 0.000000 0.272730 1.000000 1.000000 
Faroese     1.000000 1.000000 1.000000 1.000000 1.000000 1.000000 0.300000 0.444440 0.300000 0.444440 0.300000 0.272730 0.000000 1.000000 1.000000 
English     0.550000 0.500000 0.375000 0.285710 0.375000 0.444440 1.000000 1.000000 1.000000 1.000000 1.000000 1.000000 1.000000 0.000000 0.166670 
Sranan      0.450000 0.400000 0.375000 0.285710 0.375000 0.333330 1.000000 1.000000 1.000000 1.000000 1.000000 1.000000 1.000000 0.166670 0.000000 
11
German_ST   0.000000 0.285710 0.181820 0.181820 0.181820 1.000000 1.000000 1.000000 1.000000 1.000000 0.230770 
PennDutch   0.285710 0.000000 0.307690 0.307690 0.307690 1.000000 1.000000 1.000000 1.000000 1.000000 0.400000 
Dutch       0.181820 0.307690 0.000000 0.000000 0.000000 1.000000 1.000000 1.000000 1.000000 1.000000 0.166670 
Afrikaans   0.181820 0.307690 0.000000 0.000000 0.000000 1.000000 1.000000 1.000000 1.000000 1.000000 0.166670 
Frisian     0.181820 0.307690 0.000000 0.000000 0.000000 1.000000 1.000000 1.000000 1.000000 1.000000 0.166670 
SwedishUp   1.000000 1.000000 1.000000 1.000000 1.000000 0.000000 0.142860 0.142860 0.142860 1.000000 1.000000 
SwedishVL   1.000000 1.000000 1.000000 1.000000 1.000000 0.142860 0.000000 0.125000 0.125000 1.000000 1.000000 
Danish      1.000000 1.000000 1.000000 1.000000 1.000000 0.142860 0.125000 0.000000 0.000000 1.000000 1.000000 
Riksmal     1.000000 1.000000 1.000000 1.000000 1.000000 0.142860 0.125000 0.000000 0.000000 1.000000 1.000000 
English     1.000000 1.000000 1.000000 1.000000 1.000000 1.000000 1.000000 1.000000 1.000000 0.000000 1.000000 
Sranan      0.230770 0.400000 0.166670 0.166670 0.166670 1.000000 1.000000 1.000000 1.000000 1.000000 0.000000 
12
German_ST   0.000000 0.250000 0.333330 0.333330 0.333330 0.333330 0.300000 0.333330 0.333330 0.666665 1.000000 0.333330 
PennDutch   0.250000 0.000000 0.454550 0.454550 0.454550 0.454550 0.416670 0.409090 0.409090 0.704545 1.000000 0.454550 
